1.000000 1.000000 0.500000 0.980655 1.627559 1.300398 3.201826
1.000000 1.000000 0.600000 0.994461 1.424709 1.372587 2.941087
1.000000 1.000000 0.700000 0.996448 1.267344 1.438675 2.742878
1.000000 1.000000 0.800000 0.997703 1.144740 1.501713 2.586191
1.000000 1.000000 0.900000 0.997875 1.046252 1.550517 2.458747
1.000000 1.000000 1.000000 0.997679 0.963969 1.581019 2.352763
1.000000 1.000000 1.100000 0.997444 0.894842 1.613555 2.263045
1.000000 1.000000 1.200000 0.997737 0.835905 1.635924 2.185979
1.000000 1.000000 1.300000 0.998196 0.784888 1.658292 2.118970
1.000000 1.000000 1.400000 0.999208 0.740438 1.670493 2.060098
1.000000 1.000000 1.500000 1.003186 0.701250 1.678627 2.007935
1.000000 1.000000 1.600000 1.006509 0.666401 1.688794 1.961316
1.000000 1.000000 1.700000 1.018123 0.635225 1.692861 1.919386
1.000000 1.000000 1.600000 1.043752 0.666457 1.688794 1.961316
1.000000 1.000000 1.600000 1.043752 0.666457 1.688794 1.961316
1.000000 1.000000 1.600000 1.186478 0.665866 1.690856 1.961354
1.000000 1.000000 1.600000 1.010390 0.664598 1.686297 1.961328
1.000000 1.000000 1.700000 1.010650 0.633714 1.691381 1.919397
1.000000 1.000000 1.800000 1.009515 0.605927 1.693923 1.881457
1.000000 1.000000 1.900000 1.009214 0.580583 1.704091 1.846943
1.000000 1.000000 2.000000 1.008811 0.557480 1.689687 1.815394
1.000000 1.000000 2.100000 1.008807 0.536276 1.680366 1.786430
1.000000 1.000000 2.200000 1.008966 0.516822 1.671893 1.759734
1.000000 1.000000 2.300000 1.010094 0.498837 1.660878 1.735039
1.000000 1.000000 2.400000 1.010323 0.482204 1.649016 1.712121
1.000000 1.000000 2.400000 1.001457 0.481994 1.650213 1.712105
1.000000 1.000000 2.500000 1.001950 0.466568 1.629877 1.690772
1.000000 1.000000 2.600000 1.002222 0.452217 1.620726 1.670858
1.000000 1.000000 2.700000 1.002448 0.438827 1.595985 1.652221
1.000000 1.000000 2.800000 1.002582 0.426318 1.574294 1.634736
1.000000 1.000000 2.900000 1.002590 0.414603 1.550569 1.618297
1.000000 1.000000 3.000000 0.992606 0.403803 1.524810 1.602727
1.000000 1.000000 3.000000 1.028810 0.403636 1.530233 1.602809
1.000000 1.000000 3.000000 1.012271 0.403626 1.530233 1.602809
1.000000 2.000000 1.000000 0.996943 1.116033 2.048721 1.815386
1.000000 3.000000 1.000000 0.984122 1.210930 2.299857 1.602816
1.000000 4.000000 1.000000 0.944296 1.281932 2.445251 1.485740
1.000000 5.000000 1.000000 0.846738 1.337139 2.524557 1.410526
1.000000 2.000000 1.000000 0.996786 1.113641 2.059960 1.815394
1.000000 3.000000 1.000000 1.000145 1.209121 2.296360 1.602820
1.000000 4.000000 1.000000 0.993222 1.280664 2.449158 1.485746
1.000000 6.000000 1.000000 0.901832 1.388363 2.565521 1.357737
1.000000 5.000000 1.000000 0.989914 1.339802 2.524851 1.410566
1.000000 6.000000 1.000000 0.968066 1.389474 2.565521 1.357737
1.000000 7.000000 1.000000 0.985849 1.432900 2.574125 1.318338
1.000000 8.000000 1.000000 0.970734 1.471386 2.572091 1.287689
1.000000 8.000000 1.000000 0.978133 1.471424 2.572091 1.287689
1.000000 9.000000 1.000000 0.979132 1.506167 2.556174 1.263081
1.000000 9.000000 1.000000 0.995528 1.505612 2.561945 1.263088
1.000000 10.000000 1.000000 0.990793 1.537544 2.539349 1.242841
1.000000 11.000000 1.000000 0.983486 1.567006 2.528956 1.225850
1.000000 12.000000 1.000000 0.953588 1.594549 2.504334 1.211363
1.000000 12.000000 1.000000 0.983963 1.594755 2.504334 1.211363
1.000000 13.000000 1.000000 0.974848 1.620319 2.482981 1.198845
1.000000 14.000000 1.000000 0.968480 1.644341 2.469763 1.187905
1.000000 15.000000 1.000000 0.986839 1.666867 2.451697 1.178257
1.000000 16.000000 1.000000 0.981132 1.688324 2.438441 1.169670
1.000000 17.000000 1.000000 0.989186 1.707705 2.426811 1.161976
1.000000 18.000000 1.000000 0.985091 1.727121 2.425097 1.155034
1.000000 19.000000 1.000000 0.988523 1.746684 2.398833 1.148773
1.000000 19.000000 1.000000 0.981868 1.745534 2.399624 1.148735
1.000000 19.000000 1.000000 0.986184 1.745548 2.399624 1.148735
1.000000 20.000000 1.000000 0.986322 1.763290 2.406574 1.142992
1.000000 1.000000 1.000000 0.998394 0.963969 1.581019 2.352763
2.000000 1.000000 1.000000 1.999298 2.628977 2.171239 2.927298
3.000000 1.000000 1.000000 2.995476 4.801296 2.565905 3.391692
4.000000 1.000000 1.000000 3.998558 7.398346 2.869620 3.792649
5.000000 1.000000 1.000000 5.001379 10.399406 3.130589 4.150927
6.000000 1.000000 1.000000 6.000070 13.719973 3.355858 4.477923
7.000000 1.000000 1.000000 6.989248 17.357701 3.551979 4.780702
8.000000 1.000000 1.000000 7.998924 21.232333 3.729361 5.064006
9.000000 1.000000 1.000000 9.000737 25.437777 3.896420 5.331203
1.000000 10.000000 1.000000 0.313662 1.383475 2.537658 1.242204
1.000000 10.000000 1.000000 0.777588 1.529776 2.537658 1.242204
2.000000 10.000000 1.000000 1.489433 4.657405 5.036408 1.382875
3.000000 10.000000 1.000000 2.069997 9.002485 6.903695 1.501337
4.000000 10.000000 1.000000 2.641857 14.406295 8.387046 1.606137
5.000000 10.000000 1.000000 3.315611 20.847243 9.629194 1.701153
6.000000 10.000000 1.000000 4.332398 28.519253 10.711443 1.788546
7.000000 10.000000 1.000000 4.401249 36.133151 11.676254 1.869634
8.000000 10.000000 1.000000 4.798895 44.752245 12.559157 1.945234
9.000000 10.000000 1.000000 9.092652 386.814044 0.556244 9.152574
9.000000 10.000000 1.000000 7.653898 75.102474 0.791519 1.687456
9.000000 10.000000 1.000000 8.377903 56.377334 13.237591 2.035761
1.000000 10.000000 0.100000 0.892173 9.503329 2.314196 2.347108
1.000000 10.000000 0.100000 1.001473 9.564754 2.289229 2.347110
2.000000 10.000000 0.100000 1.189568 26.385517 2.880039 2.927216
2.000000 10.000000 0.100000 1.189568 26.385517 2.880039 2.927216
3.000000 10.000000 0.100000 2.979024 47.993477 3.259459 3.391670
4.000000 10.000000 0.100000 4.193696 187.379167 4.913463 7.504502
4.000000 10.000000 0.100000 2.214372 93.192904 5.151317 6.306204
4.000000 10.000000 0.100000 4.002487 165.167543 0.312532 5.671129
1.000000 10.000000 0.001000 -1382.328583 344415507.161666 0.911724 17.103031
1.000000 10.000000 0.010000 1.000240 50.570425 1.117277 7.115607
1.000000 10.000000 0.010000 1.003627 51.773457 1.110670 7.134075
2.000000 10.000000 0.010000 -0.106189 2.988660 1.111121 11.457666
