-500.000000 1.600000 -500.030753 402.782117 42.939172 0.749134
-500.000000 1.700000 -500.019889 426.897310 44.295252 0.749446
-500.000000 1.800000 -500.019348 450.998392 45.642685 0.749729
-500.000000 1.900000 -500.009435 475.068947 46.979814 0.749988
-500.000000 2.000000 -500.009224 499.127308 48.303909 0.750227
-500.000000 2.100000 -500.009035 523.165361 49.612869 0.750448
-500.000000 2.200000 -500.008864 547.183642 50.904555 0.750653
-500.000000 2.300000 -500.008656 571.182639 52.176790 0.750844
-500.000000 2.400000 -500.008593 595.162744 53.431068 0.751026
-500.000000 2.500000 -500.008473 619.124404 54.664904 0.751196
-500.000000 2.600000 -500.008064 643.067863 55.879188 0.751354
-500.000000 2.700000 -500.008269 666.993922 57.073768 0.751507
-500.000000 2.800000 -500.008181 690.902381 58.250904 0.751652
-500.000000 2.900000 -500.012154 714.799685 59.410656 0.751789
-500.000000 3.000000 -500.012045 738.674428 60.551940 0.751919
-500.000000 3.100000 -500.007666 762.526450 61.677332 0.752045
-500.000000 3.200000 -500.007476 786.368193 62.787117 0.752164
-500.000000 3.300000 -500.007245 810.193849 63.882893 0.752279
-500.000000 3.400000 -500.006959 834.003624 64.963847 0.752389
-500.000000 3.500000 -500.017439 857.815353 66.031084 0.752498
