-1.000000 1.525000 -1.000207 1.002542 3.565505 0.738598
-1.000000 1.550000 -1.000203 1.013089 3.654885 0.740246
-1.000000 1.575000 -1.000200 1.023637 3.728014 0.741854
-1.000000 1.600000 -1.000197 1.034182 3.837708 0.743423
-1.000000 1.625000 -1.000193 1.044723 3.947401 0.744954
-1.000000 1.650000 -1.000375 1.055934 4.036781 0.746450
-1.000000 1.675000 -1.000369 1.066462 4.166789 0.747911
-1.000000 1.700000 -1.000363 1.076984 4.296796 0.749339
-1.000000 1.725000 -1.000358 1.087504 4.406490 0.750736
-1.000000 1.750000 -1.000352 1.098000 4.568999 0.752102
-1.000000 1.775000 -1.000347 1.108512 4.699006 0.753438
-1.000000 1.800000 -1.000342 1.119019 4.861515 0.754746
-1.000000 1.825000 -1.000337 1.129524 5.032149 0.756027
-1.000000 1.850000 -1.000332 1.139997 5.194658 0.757282
-1.000000 1.875000 -1.000327 1.150491 5.381544 0.758511
-1.000000 1.900000 -1.000322 1.160981 5.592805 0.759716
-1.000000 1.925000 -1.000317 1.171453 5.787816 0.760896
-1.000000 1.950000 -1.000312 1.181934 6.007204 0.762055
-1.000000 1.975000 -1.000308 1.192379 6.210340 0.763191
-1.000000 2.000000 -1.000303 1.202852 6.429727 0.764305
-1.000000 2.025000 -1.000299 1.213341 6.616612 0.765399
-1.000000 2.050000 -1.000294 1.223774 6.827874 0.766473
-1.000000 2.075000 -1.000290 1.234234 7.014760 0.767528
-1.000000 2.100000 -1.000286 1.244690 7.209770 0.768564
-1.000000 2.125000 -1.000282 1.255120 7.396656 0.769581
-1.000000 2.150000 -1.000277 1.265567 7.567290 0.770582
-1.000000 2.175000 -1.000273 1.275967 7.733862 0.771565
-1.000000 2.200000 -1.000269 1.286426 7.896371 0.772531
-1.000000 2.225000 -1.000265 1.296804 8.058880 0.773482
-1.000000 2.250000 -1.000261 1.307234 8.213264 0.774416
-1.000000 2.275000 -1.000257 1.317602 8.359522 0.775336
-1.000000 2.300000 -1.000253 1.327954 8.501717 0.776241
-1.000000 2.325000 -1.000249 1.338371 8.642558 0.777132
-1.000000 2.350000 -1.000245 1.348691 8.783400 0.778008
-1.000000 2.375000 -1.000241 1.358977 8.913407 0.778871
-1.000000 2.400000 -1.000238 1.369381 9.048831 0.779722
-1.000000 2.425000 -1.000234 1.379810 9.170713 0.780559
-1.000000 2.450000 -1.000230 1.390207 9.298012 0.781384
-1.000000 2.475000 -1.000226 1.400599 9.422602 0.782198
-1.000000 2.500000 -1.000222 1.411024 9.547192 0.782999
-1.000000 2.650000 -1.000200 1.473303 10.245981 0.787576
-1.000000 2.800000 -1.000177 1.535615 10.912268 0.791799
-1.000000 2.950000 -1.000155 1.597791 11.546053 0.795714
-1.000000 3.100000 -1.000132 1.659559 12.152754 0.799362
-1.000000 3.250000 -1.000108 1.721181 12.756746 0.802773
-1.000000 3.400000 -1.000084 1.782657 13.341778 0.805976
-1.000000 3.550000 -1.000060 1.843992 13.910560 0.808993
-1.000000 3.700000 -1.000035 1.905187 14.479341 0.811844
-1.000000 3.850000 -1.000010 1.966246 15.034581 0.814546
-1.000000 4.000000 -0.999985 2.027171 15.587111 0.817112
-1.000000 4.150000 -0.999958 2.087964 16.128808 0.819556
-1.000000 4.300000 -0.999932 2.148629 16.667796 0.821887
-1.000000 4.450000 -0.999905 2.209166 17.206785 0.824116
-1.000000 4.600000 -1.000131 2.269742 17.732231 0.826251
-1.000000 4.750000 -1.000129 2.330050 18.263094 0.828299
-1.000000 4.900000 -1.000123 2.390241 18.783122 0.830267
-1.000000 5.050000 -1.000119 2.450315 19.305860 0.832160
-1.000000 5.200000 -1.000107 2.510267 19.817763 0.833984
-1.000000 5.350000 -1.000103 2.570112 20.326958 0.835744
-1.000000 5.500000 -1.000099 2.629960 20.836153 0.837444
