-1.000000 1.800000 -1.000342 0.959940 4.532434 0.754746
-1.000000 2.100000 -1.000286 1.018216 5.007773 0.768564
-1.000000 2.400000 -1.000238 1.073397 5.539990 0.779722
-1.000000 2.700000 -1.000192 1.126877 6.096584 0.789020
-1.000000 3.000000 -1.000147 1.178382 6.616612 0.796958
-1.000000 3.300000 -1.000100 1.227345 7.136641 0.803863
-1.000000 3.600000 -1.000052 1.274414 7.645836 0.809961
-1.000000 3.900000 -1.000002 1.319737 8.138780 0.815416
-1.000000 4.200000 -0.999950 1.363439 8.618182 0.820345
-1.000000 4.500000 -1.000134 1.405634 9.092167 0.824838
