-3.000000 0.550000 -3.000007 1.812098 2.721948 0.540855
-3.000000 0.600000 -3.000007 1.887670 2.806866 0.554727
-3.000000 0.650000 -2.999978 1.962085 2.880039 0.566675
-3.000000 0.700000 -3.000004 2.035452 2.953665 0.577092
-3.000000 0.750000 -3.000002 2.107893 3.029549 0.586271
-3.000000 0.800000 -3.000006 2.179501 3.104078 0.594432
-3.000000 0.850000 -3.000004 2.250198 3.181317 0.601748
-3.000000 0.900000 -3.000004 2.320177 3.256297 0.608352
-3.000000 0.950000 -3.000003 2.389436 3.330374 0.614353
-3.000000 1.000000 -3.000007 2.458017 3.403097 0.619835
-3.000000 1.050000 -3.000006 2.525948 3.479884 0.624871
-3.000000 1.100000 -3.000004 2.593254 3.551251 0.629518
-3.000000 1.150000 -3.000004 2.659944 3.627587 0.633824
-3.000000 1.200000 -3.000004 2.726061 3.700760 0.637829
-3.000000 1.250000 -3.000004 2.791623 3.772127 0.641569
-3.000000 1.300000 -3.000003 2.856644 3.846205 0.645072
-3.000000 1.350000 -3.000003 2.921144 3.918927 0.648364
-3.000000 1.400000 -3.000003 2.985138 3.989842 0.651465
-3.000000 1.450000 -3.000003 3.048640 4.059854 0.654394
-3.000000 1.500000 -3.000003 3.111664 4.130318 0.657168
-3.000000 1.550000 -3.000003 3.174222 4.203943 0.659800
-3.000000 1.600000 -3.000002 3.236326 4.272751 0.662304
-3.000000 1.650000 -3.000002 3.297985 4.345322 0.664690
-3.000000 1.700000 -3.000002 3.359212 4.417141 0.666969
-3.000000 1.750000 -3.000001 3.420015 4.486250 0.669148
-3.000000 1.800000 -2.999999 3.480404 4.555810 0.671235
-3.000000 1.850000 -2.999999 3.540389 4.622660 0.673238
-3.000000 1.900000 -2.999996 3.599975 4.692220 0.675162
-3.000000 1.950000 -2.999992 3.659172 4.763587 0.677014
-3.000000 2.000000 -2.999985 3.717985 4.832244 0.678798
-3.000000 2.050000 -2.999978 3.776426 4.898191 0.680519
-3.000000 2.100000 -2.999968 3.834499 4.965493 0.682182
-3.000000 2.150000 -2.999955 3.892211 5.032795 0.683789
-3.000000 2.200000 -2.999938 3.949568 5.098741 0.685344
-3.000000 2.250000 -2.999918 4.006580 5.166495 0.686851
-3.000000 2.300000 -2.999890 4.063245 5.232442 0.688313
-3.000000 2.350000 -2.999856 4.119574 5.299292 0.689731
-3.000000 2.400000 -2.999814 4.175571 5.365239 0.691109
-3.000000 2.450000 -2.999762 4.231241 5.429379 0.692449
-3.000000 2.500000 -2.999700 4.286590 5.493519 0.693753
-3.000000 2.550000 -2.999625 4.341623 5.557659 0.695023
-3.000000 2.600000 -2.999537 4.396344 5.623605 0.696260
-3.000000 2.650000 -2.999433 4.450758 5.685939 0.697467
-3.000000 2.700000 -2.999312 4.504869 5.748272 0.698644
-3.000000 2.750000 -2.999172 4.558682 5.811508 0.699794
-3.000000 2.800000 -2.999010 4.612202 5.873390 0.700917
-3.000000 2.850000 -2.998825 4.665431 5.936175 0.702016
-3.000000 2.900000 -2.998614 4.718374 5.997153 0.703090
-3.000000 2.950000 -2.998376 4.771035 6.059035 0.704141
-3.000000 3.000000 -2.998107 4.823418 6.119561 0.705170
-3.000000 3.050000 -2.997806 4.875527 6.180539 0.706178
-3.000000 3.100000 -2.997471 4.927364 6.241066 0.707167
-3.000000 3.150000 -2.997099 4.978934 6.301141 0.708136
-3.000000 3.200000 -2.996687 5.030240 6.360312 0.709086
-3.000000 3.250000 -2.996233 5.081284 6.418580 0.710019
-3.000000 3.300000 -2.995736 5.132071 6.477751 0.710935
-3.000000 3.350000 -2.995192 5.182604 6.536923 0.711835
-3.000000 3.400000 -2.994599 5.232885 6.594288 0.712719
-3.000000 3.450000 -2.993955 5.282918 6.651652 0.713588
-3.000000 3.500000 -2.993258 5.332705 6.709469 0.714442
