-2.000000 1.800000 -2.000342 1.862510 5.470924 0.745449
-2.000000 2.100000 -2.000286 2.019195 6.084395 0.756930
-2.000000 2.400000 -2.000238 2.169952 6.738494 0.766102
-2.000000 2.700000 -2.000192 2.315341 7.380405 0.773696
-2.000000 3.000000 -2.000147 2.455776 8.018253 0.780155
-2.000000 3.300000 -2.000100 2.591707 8.653392 0.785768
-2.000000 3.600000 -2.000052 2.723489 9.268218 0.790728
-2.000000 3.900000 -2.000002 2.851391 9.864085 0.795173
-2.000000 4.200000 -1.999950 2.975680 10.446409 0.79920
-2.000000 4.500000 -2.000134 3.096602 11.017899 0.80288
