-1.000000 1.600000 -1.000002 0.901110 4.237820 0.730109
-1.000000 1.700000 -1.000000 0.922123 4.375134 0.737101
-1.000000 1.800000 -0.999998 0.942735 4.526902 0.743434
-1.000000 1.900000 -0.999995 0.962965 4.685897 0.749208
-1.000000 2.000000 -0.999992 0.982833 4.846698 0.754503
-1.000000 2.100000 -0.999989 1.002353 5.016534 0.759383
-1.000000 2.200000 -0.999986 1.021541 5.191790 0.763902
-1.000000 2.300000 -0.999983 1.040410 5.368852 0.768104
-1.000000 2.400000 -0.999979 1.058973 5.547721 0.772027
-1.000000 2.500000 -0.999975 1.077242 5.726591 0.775703
-1.000000 2.600000 -0.999969 1.095226 5.905460 0.779157
-1.000000 2.700000 -0.999963 1.112936 6.084329 0.782413
-1.000000 2.800000 -0.999953 1.130382 6.265005 0.785490
-1.000000 2.900000 -0.999941 1.147572 6.442068 0.788406
-1.000000 3.000000 -0.999924 1.164514 6.617324 0.791175
-1.000000 3.100000 -0.999901 1.181217 6.794386 0.793811
-1.000000 3.200000 -0.999870 1.197687 6.967835 0.796324
-1.000000 3.300000 -0.999886 1.213934 7.139478 0.798725
-1.000000 3.400000 -0.999835 1.229960 7.311120 0.801024
-1.000000 3.500000 -0.999770 1.245769 7.480955 0.803227
