-2.000000 1.525000 -2.000407 1.876591 4.313047 0.731812
-2.000000 1.550000 -2.000400 1.898943 4.434929 0.733216
-2.000000 1.575000 -2.000394 1.921237 4.536497 0.734583
-2.000000 1.600000 -2.000387 1.943577 4.646190 0.735914
-2.000000 1.625000 -2.000381 1.965903 4.755884 0.737211
-2.000000 1.650000 -2.000375 1.988213 4.849327 0.738475
-2.000000 1.675000 -2.000369 2.010512 4.995585 0.739709
-2.000000 1.700000 -2.000363 2.032798 5.129655 0.740912
-2.000000 1.725000 -2.000358 2.055070 5.267787 0.742086
-2.000000 1.750000 -2.000352 2.077330 5.405920 0.743233
-2.000000 1.775000 -2.000347 2.099576 5.576555 0.744354
-2.000000 1.800000 -2.000342 2.121811 5.763440 0.745449
-2.000000 1.825000 -2.000337 2.144050 5.934074 0.746520
-2.000000 1.850000 -2.000332 2.166244 6.145336 0.747568
-2.000000 1.875000 -2.000327 2.188458 6.340347 0.748593
-2.000000 1.900000 -2.000322 2.210628 6.567860 0.749596
-2.000000 1.925000 -2.000317 2.232821 6.787247 0.750579
-2.000000 1.950000 -2.000313 2.254984 7.022885 0.751541
-2.000000 1.975000 -2.000308 2.277136 7.234147 0.752484
-2.000000 2.000000 -2.000303 2.299277 7.465722 0.753408
-2.000000 2.025000 -2.000299 2.321407 7.693235 0.754314
-2.000000 2.050000 -2.000295 2.343533 7.912622 0.755203
-2.000000 2.075000 -2.000290 2.365633 8.119821 0.756075
-2.000000 2.100000 -2.000286 2.387730 8.331083 0.756930
-2.000000 2.125000 -2.000282 2.409816 8.530156 0.757770
-2.000000 2.150000 -2.000278 2.431907 8.712979 0.758595
-2.000000 2.175000 -2.000273 2.453972 8.897156 0.759405
-2.000000 2.200000 -2.000269 2.476026 9.070499 0.760200
-2.000000 2.225000 -2.000265 2.498073 9.238425 0.760982
-2.000000 2.250000 -2.000261 2.520107 9.403642 0.761750
-2.000000 2.275000 -2.000257 2.542131 9.566151 0.762506
-2.000000 2.300000 -2.000253 2.564148 9.717827 0.763249
-2.000000 2.325000 -2.000249 2.586162 9.872210 0.763980
-2.000000 2.350000 -2.000245 2.608155 10.021177 0.76469
-2.000000 2.375000 -2.000242 2.630142 10.167435 0.76540
-2.000000 2.400000 -2.000238 2.652126 10.302859 0.76610
-2.000000 2.425000 -2.000234 2.674096 10.443700 0.76678
-2.000000 2.450000 -2.000230 2.696048 10.581833 0.76746
-2.000000 2.475000 -2.000226 2.718000 10.717257 0.76812
-2.000000 2.500000 -2.000222 2.739951 10.849973 0.76878
-2.000000 2.650000 -2.000200 2.871395 11.605640 0.772519
-2.000000 2.800000 -2.000177 3.002479 12.326097 0.775958
-2.000000 2.950000 -2.000155 3.133244 13.019469 0.779144
-2.000000 3.100000 -2.000132 3.263711 13.685756 0.782109
-2.000000 3.250000 -2.000108 3.393872 14.341209 0.784882
-2.000000 3.400000 -2.000085 3.523751 14.985828 0.787486
-2.000000 3.550000 -2.000060 3.653347 15.608779 0.789941
-2.000000 3.700000 -2.000036 3.782673 16.233085 0.792262
-2.000000 3.850000 -2.000010 3.911725 16.843848 0.794463
-2.000000 4.000000 -1.999985 4.040513 17.447840 0.796558
-2.000000 4.150000 -1.999958 4.169039 18.051832 0.798555
-2.000000 4.300000 -1.999932 4.297322 18.642281 0.800464
-2.000000 4.450000 -1.999905 4.425365 19.235439 0.802292
-2.000000 4.600000 -2.000131 4.553317 19.820472 0.804047
-2.000000 4.750000 -2.000128 4.680878 20.397379 0.805733
-2.000000 4.900000 -2.000123 4.808225 20.976994 0.807358
-2.000000 5.050000 -2.000120 4.935303 21.545776 0.808924
-2.000000 5.200000 -2.000108 5.062186 22.114558 0.810438
-2.000000 5.350000 -2.000103 5.188838 22.677922 0.811901
-2.000000 5.500000 -2.000099 5.315276 23.243996 0.813318
