-3.000000 1.600000 -3.000003 2.594760 5.730204 0.738527
-3.000000 1.700000 -3.000003 2.686463 5.926238 0.742609
-3.000000 1.800000 -3.000003 2.777073 6.135822 0.746318
-3.000000 1.900000 -3.000002 2.866634 6.355343 0.749709
-3.000000 2.000000 -3.000002 2.955189 6.582995 0.752829
-3.000000 2.100000 -3.000004 3.042781 6.819681 0.755713
-3.000000 2.200000 -3.000003 3.129429 7.058173 0.758393
-3.000000 2.300000 -3.000002 3.215172 7.300279 0.760894
-3.000000 2.400000 -2.999999 3.300039 7.544192 0.763237
-3.000000 2.500000 -2.999993 3.384055 7.787502 0.765440
-3.000000 2.600000 -2.999983 3.467246 8.030813 0.767517
-3.000000 2.700000 -2.999965 3.549634 8.271714 0.769482
-3.000000 2.800000 -2.999935 3.631241 8.512616 0.771346
-3.000000 2.900000 -2.999890 3.712088 8.751108 0.773119
-3.000000 3.000000 -2.999823 3.792193 8.987191 0.774809
-3.000000 3.100000 -2.999729 3.871576 9.222070 0.776424
-3.000000 3.200000 -2.999599 3.950253 9.454540 0.777970
-3.000000 3.300000 -2.999425 4.028240 9.684601 0.779452
-3.000000 3.400000 -2.999198 4.105555 9.912855 0.780876
-3.000000 3.500000 -2.998909 4.182211 10.140507 0.78224
