-50.000000 1.600000 -50.010524 40.870103 15.523807 0.747256
-50.000000 1.700000 -50.006747 43.096534 16.032158 0.748242
-50.000000 1.800000 -50.006507 45.319183 16.553525 0.749140
-50.000000 1.900000 -50.004720 47.533979 17.087093 0.749962
-50.000000 2.000000 -50.004576 49.744083 17.623915 0.750718
-50.000000 2.100000 -50.004444 51.948213 18.165618 0.751418
-50.000000 2.200000 -50.006489 54.148910 18.704881 0.752070
-50.000000 2.300000 -50.006323 56.341611 19.244957 0.752678
-50.000000 2.400000 -50.006171 58.528785 19.778525 0.753249
-50.000000 2.500000 -50.004007 60.708041 20.308026 0.753786
-50.000000 2.600000 -50.003895 62.884482 20.831020 0.754293
-50.000000 2.700000 -50.003761 65.055746 21.347505 0.754773
-50.000000 2.800000 -50.003590 67.221934 21.859924 0.755229
-50.000000 2.900000 -50.003352 69.383141 22.365022 0.755664
-50.000000 3.000000 -50.003018 71.539457 22.863612 0.756078
-50.000000 3.100000 -50.002543 73.690967 23.356508 0.756475
-50.000000 3.200000 -50.001878 75.837751 23.845336 0.756855
-50.000000 3.300000 -50.000958 77.979885 24.326030 0.757220
-50.000000 3.400000 -49.999715 80.117444 24.802657 0.757572
-50.000000 3.500000 -49.998066 82.250495 25.274403 0.757910
