-5.000000 1.600000 -5.000011 4.258603 6.696821 0.741183
-5.000000 1.700000 -5.000010 4.430105 6.926280 0.744334
-5.000000 1.800000 -5.000010 4.600004 7.168386 0.747199
-5.000000 1.900000 -5.000009 4.768361 7.424946 0.749820
-5.000000 2.000000 -5.000009 4.935234 7.688733 0.752232
-5.000000 2.100000 -5.000008 5.100675 7.959747 0.754464
-5.000000 2.200000 -5.000007 5.264728 8.234375 0.756539
-5.000000 2.300000 -5.000003 5.427437 8.510809 0.758476
-5.000000 2.400000 -4.999996 5.588841 8.789050 0.760293
-5.000000 2.500000 -4.999980 5.748976 9.067291 0.762001
-5.000000 2.600000 -4.999950 5.907876 9.343726 0.763614
-5.000000 2.700000 -4.999901 6.065571 9.618353 0.765140
-5.000000 2.800000 -4.999823 6.222093 9.891776 0.766589
-5.000000 2.900000 -4.999704 6.377467 10.162188 0.76796
-5.000000 3.000000 -4.999533 6.531721 10.431396 0.76928
-5.000000 3.100000 -4.999293 6.684881 10.696989 0.77054
-5.000000 3.200000 -4.998970 6.836969 10.960776 0.77174
-5.000000 3.300000 -4.998543 6.988008 11.220950 0.77290
-5.000000 3.400000 -4.997994 7.138020 11.479317 0.77401
-5.000000 3.500000 -4.997302 7.287025 11.735877 0.77508
