-4.000000 0.550000 -4.000021 2.306982 3.027742 0.558097
-4.000000 0.600000 -4.000001 2.412159 3.114467 0.570040
-4.000000 0.650000 -4.000016 2.515921 3.203449 0.580329
-4.000000 0.700000 -4.000025 2.618401 3.291981 0.589301
-4.000000 0.750000 -4.000021 2.719743 3.380060 0.597209
-4.000000 0.800000 -4.000016 2.820002 3.463623 0.604241
-4.000000 0.850000 -4.000004 2.919259 3.549896 0.610539
-4.000000 0.900000 -4.000019 3.017595 3.635416 0.616239
-4.000000 0.950000 -4.000013 3.115033 3.722441 0.621411
-4.000000 1.000000 -3.999995 3.211641 3.805101 0.626139
-4.000000 1.050000 -3.999975 3.307440 3.890922 0.630481
-4.000000 1.100000 -4.000010 3.402479 3.972678 0.634488
-4.000000 1.150000 -3.999999 3.496774 4.056542 0.638202
-4.000000 1.200000 -4.000011 3.590383 4.141158 0.641658
-4.000000 1.250000 -4.000013 3.683293 4.224721 0.644884
-4.000000 1.300000 -4.000013 3.775539 4.306477 0.647907
-4.000000 1.350000 -3.999992 3.867146 4.388233 0.650747
-4.000000 1.400000 -4.000013 3.958129 4.468634 0.653423
-4.000000 1.450000 -4.000012 4.048507 4.550841 0.655951
-4.000000 1.500000 -4.000012 4.138289 4.631694 0.658346
-4.000000 1.550000 -4.000011 4.227510 4.711191 0.660619
-4.000000 1.600000 -4.000011 4.316163 4.792044 0.662781
-4.000000 1.650000 -4.000015 4.404274 4.872445 0.664841
-4.000000 1.700000 -4.000014 4.491843 4.953297 0.666809
-4.000000 1.750000 -4.000012 4.578889 5.029633 0.668691
-4.000000 1.800000 -4.000010 4.665421 5.110485 0.670494
-4.000000 1.850000 -4.000006 4.751450 5.190435 0.672225
-4.000000 1.900000 -4.000001 4.836986 5.266770 0.673888
-4.000000 1.950000 -3.999995 4.922039 5.344461 0.675488
-4.000000 2.000000 -3.999986 5.006617 5.419893 0.677030
-4.000000 2.050000 -3.999973 5.090728 5.497132 0.678518
-4.000000 2.100000 -3.999957 5.174382 5.575726 0.679955
-4.000000 2.150000 -3.999936 5.257585 5.649803 0.681345
-4.000000 2.200000 -3.999908 5.340346 5.725687 0.682690
-4.000000 2.250000 -3.999873 5.422671 5.802475 0.683994
-4.000000 2.300000 -3.999829 5.504568 5.878359 0.685258
-4.000000 2.350000 -3.999775 5.586042 5.950629 0.686486
-4.000000 2.400000 -3.999708 5.667101 6.026513 0.687678
-4.000000 2.450000 -3.999627 5.747752 6.098783 0.688838
-4.000000 2.500000 -3.999530 5.827998 6.172409 0.689967
-4.000000 2.550000 -3.999414 5.907848 6.245131 0.691066
-4.000000 2.600000 -3.999277 5.987306 6.318305 0.692138
-4.000000 2.650000 -3.999116 6.066378 6.389672 0.693183
-4.000000 2.700000 -3.998929 6.145068 6.461491 0.694203
-4.000000 2.750000 -3.998713 6.223383 6.532858 0.695199
-4.000000 2.800000 -3.998465 6.301327 6.602870 0.696172
-4.000000 2.850000 -3.998182 6.378905 6.674237 0.697124
-4.000000 2.900000 -3.997861 6.456123 6.743797 0.698055
-4.000000 2.950000 -3.997499 6.532983 6.813357 0.698967
-4.000000 3.000000 -3.997092 6.609492 6.882466 0.699860
-4.000000 3.050000 -3.996637 6.685652 6.951123 0.700734
-4.000000 3.100000 -3.996131 6.761470 7.018876 0.701592
-4.000000 3.150000 -3.995570 6.836947 7.087985 0.702433
-4.000000 3.200000 -3.994952 6.912089 7.155287 0.703258
-4.000000 3.250000 -3.994272 6.986900 7.221685 0.704068
-4.000000 3.300000 -3.993528 7.061383 7.288084 0.704864
-4.000000 3.350000 -3.992717 7.135542 7.354482 0.705645
-4.000000 3.400000 -3.991834 7.209381 7.420881 0.706413
-4.000000 3.450000 -3.990878 7.282903 7.486827 0.707168
-4.000000 3.500000 -3.989844 7.356111 7.551871 0.707911
