-1.000000 -1.000000 0.982669 3.018376 0.000100 0.000100 0.754312
-2.000000 -2.000000 1.967502 3.986978 0.000100 1.115631 0.753370
-3.000000 -3.000000 2.955175 4.689962 0.010000 1.734101 0.752829
-4.000000 -4.000000 3.944626 5.268351 0.010000 2.259869 0.752479
-5.000000 -5.000000 4.935219 5.775599 0.010000 2.722851 0.752232
-50.000000 -50.002302 49.741745 15.630513 3.000000 12.283763 0.750718
-100.000000 -100.005172 99.625503 21.517926 13.000000 18.124277 0.750508
-100.000000 -100.005172 99.625503 21.517926 13.000000 18.124277 0.750508
-1000.000000 -1000.010357 998.752118 64.811601 55.000000 61.339379 0.750150
-10000.000000 -10000.023862 9995.985613 201.582108 190.000000 198.084110 0.750051
-100000.000000 -99999.896809 100039.357531 634.183538 625.000000 630.556660 0.888949
-100000.000000 -99999.712595 100066.586805 634.042570 628.000000 630.536605 0.750215
