-1.000000 0.550000 -1.000012 0.726603 1.845217 0.449350
-1.000000 0.600000 -1.000011 0.746157 1.887224 0.473762
-1.000000 0.650000 -1.000010 0.765235 1.932393 0.494762
-1.000000 0.700000 -1.000009 0.783884 1.977111 0.513050
-1.000000 0.750000 -1.000011 0.802152 2.022731 0.529145
-1.000000 0.800000 -1.000009 0.820050 2.067449 0.543441
-1.000000 0.850000 -1.000008 0.837616 2.114424 0.556241
-1.000000 0.900000 -1.000007 0.854869 2.160045 0.567784
-1.000000 0.950000 -1.000006 0.871829 2.206118 0.578260
-1.000000 1.000000 -1.000005 0.888512 2.252642 0.587821
-1.000000 1.050000 -1.000003 0.904932 2.296456 0.596594
-1.000000 1.100000 -1.000002 0.921102 2.338463 0.604679
-1.000000 1.150000 -1.000003 0.937034 2.384535 0.612163
-1.000000 1.200000 -1.000002 0.952737 2.428349 0.619117
-1.000000 1.250000 -1.000001 0.968247 2.471260 0.625603
-1.000000 1.300000 -1.000000 0.983528 2.516429 0.631670
-1.000000 1.350000 -0.999999 0.998594 2.559791 0.637363
-1.000000 1.400000 -0.999999 1.013464 2.600895 0.642720
-1.000000 1.450000 -0.999998 1.028143 2.646064 0.647774
-1.000000 1.500000 -0.999997 1.042638 2.687168 0.652554
-1.000000 1.550000 -0.999996 1.056954 2.730530 0.657084
-1.000000 1.600000 -0.999995 1.071098 2.769827 0.661387
-1.000000 1.650000 -0.999994 1.085073 2.810931 0.665481
-1.000000 1.700000 -0.999994 1.098886 2.852486 0.669385
-1.000000 1.750000 -0.999993 1.112539 2.896300 0.673114
-1.000000 1.800000 -0.999992 1.126038 2.936049 0.676680
-1.000000 1.850000 -0.999991 1.139387 2.976249 0.680097
-1.000000 1.900000 -0.999989 1.152589 3.016901 0.683375
-1.000000 1.950000 -0.999993 1.165672 3.057554 0.686524
-1.000000 2.000000 -0.999991 1.178606 3.095947 0.689554
-1.000000 2.050000 -0.999988 1.191392 3.134793 0.692471
-1.000000 2.100000 -0.999985 1.204042 3.175445 0.695284
-1.000000 2.150000 -0.999982 1.216562 3.214742 0.698000
-1.000000 2.200000 -0.999977 1.228955 3.249522 0.700623
-1.000000 2.250000 -0.999989 1.241223 3.287464 0.703161
-1.000000 2.300000 -0.999982 1.253370 3.325406 0.705618
-1.000000 2.350000 -0.999974 1.265397 3.364251 0.707998
-1.000000 2.400000 -0.999963 1.277308 3.402193 0.710306
-1.000000 2.450000 -0.999949 1.289094 3.437425 0.712547
-1.000000 2.500000 -0.999934 1.300779 3.475367 0.714723
-1.000000 2.550000 -0.999915 1.312355 3.512406 0.716838
-1.000000 2.600000 -0.999893 1.323824 3.547637 0.718895
-1.000000 2.650000 -0.999867 1.335187 3.582869 0.720898
-1.000000 2.700000 -0.999837 1.346446 3.620811 0.722848
-1.000000 2.750000 -0.999801 1.357605 3.654236 0.724749
-1.000000 2.800000 -0.999760 1.368664 3.689016 0.726603
-1.000000 2.850000 -0.999712 1.379625 3.724700 0.728411
-1.000000 2.900000 -0.999658 1.390491 3.758577 0.730177
-1.000000 2.950000 -0.999596 1.401262 3.792453 0.731901
-1.000000 3.000000 -0.999526 1.411941 3.826782 0.733586
-1.000000 3.050000 -0.999446 1.422530 3.861110 0.735234
-1.000000 3.100000 -0.999358 1.433029 3.894084 0.736845
-1.000000 3.150000 -0.999259 1.443440 3.926605 0.738422
-1.000000 3.200000 -0.999148 1.453765 3.960031 0.739966
-1.000000 3.250000 -0.999026 1.464006 3.992101 0.741479
-1.000000 3.300000 -0.998892 1.474163 4.025074 0.742960
-1.000000 3.350000 -0.998744 1.484238 4.056692 0.744412
-1.000000 3.400000 -0.998582 1.494233 4.089214 0.745836
-1.000000 3.450000 -0.998406 1.504148 4.120381 0.747233
-1.000000 3.500000 -0.998213 1.513985 4.151999 0.748604
