-1.000000 2.000000 -0.999995 1.178380 3.094663 0.001000 0.001000 0.689333 0.000352
-1.000000 2.000000 -0.999991 1.178606 3.095947 0.010000 0.010000 0.689554 0.000971
-2.000000 2.000000 -1.999980 2.438689 4.105926 0.010000 1.119803 0.681887 0.000739
-3.000000 2.000000 -2.999985 3.717985 4.832244 0.010000 1.742458 0.678798 0.000365
-1.000000 1.500000 -0.999997 1.042638 2.687168 0.010000 0.010000 0.652554 0.000397
-2.000000 1.500000 -1.999995 2.080668 3.525053 0.010000 1.035111 0.655344 0.000739
-1.000000 3.500000 -0.998213 1.513985 4.151999 0.010000 0.010000 0.748604 0.000790
-1.000000 0.500000 -1.000013 0.706511 1.795983 0.010000 0.010000 0.420559 0.000790
-5.000000 1.500000 -5.000007 5.161937 5.065316 0.010000 2.466743 0.659180 0.000251
-5.000000 1.550000 -5.004560 5.286094 5.151527 1.000000 2.496611 0.661609 0.000050
-5.000000 1.550000 -5.002335 5.281045 5.153810 0.500000 2.496441 0.661208 0.000084
-5.000000 1.550000 -5.000381 5.279022 5.153240 0.100000 2.496220 0.661208 0.000088
-50.000000 1.550000 -49.999096 52.154813 13.826464 4.000000 10.968185 0.664897 0.000007
-50.000000 0.550000 -50.009639 21.572417 8.461678 4.000000 6.775127 0.636423 0.000009
-50.000000 0.500000 -50.010604 19.995152 8.124367 4.000000 6.474331 0.632531 0.000009
-500.000000 0.500000 -500.004723 177.364611 23.450440 19.000000 21.774524 0.655891 0.000000
-500.000000 3.500000 -497.041501 1192.715288 62.335954 55.000000 56.082942 0.686711 0.000001
-500.000000 3.500000 -494.948634 1326.668832 64.962201 50.000000 56.626426 0.677311 2.539701
-5.000000 1.500000 -5.000005 5.161934 5.063145 0.010000 2.465698 0.659180 0.000129
-50.000000 1.500000 -50.001059 50.656655 13.590981 2.000000 10.806435 0.664264 0.000757
-50.000000 1.500000 -50.001059 50.656655 13.590981 2.000000 10.806435 0.664264 0.000757
-100.000000 1.500000 -100.002910 100.955099 18.686611 10.000000 15.873086 0.664967 0.000000
-1000.000000 1.500000 -999.896667 1003.163842 56.177113 50.000000 53.313262 0.666117 0.000081
-1000.000000 1.500000 -999.987957 1003.772262 56.176959 51.000000 53.313262 0.666345 0.000096
-2000.000000 1.500000 -1999.928553 2004.692714 78.861170 72.000000 76.017581 0.685903 0.069286
-3000.000000 1.500000 -2997.859272 3011.734311 96.400570 90.000000 93.415612 0.777864 2.756654
-100.000000 0.500000 -100.015444 38.134695 11.068126 8.000000 9.407876 0.643244 0.000061
-100.000000 0.500000 -100.003143 38.072496 11.068148 4.000000 9.407986 0.642552 0.000277
-100.000000 0.500000 -100.003143 38.072496 11.068148 4.000000 9.407986 0.642552 0.000277
-1000.000000 0.500000 -1000.004923 348.494611 32.717827 28.000000 31.037887 0.659048 0.000003
-2000.000000 0.500000 -2000.009845 688.143911 45.820236 42.000000 44.137395 0.661281 0.000003
-5.000000 2.500000 -4.999298 7.384919 6.756508 0.010000 2.925794 0.687408 0.000337
-50.000000 2.500000 -49.918567 80.183810 17.937725 4.000000 13.575422 0.673082 0.000000
-100.000000 2.500000 -99.953317 169.512105 24.505103 19.000000 20.119013 0.687363 0.000000
-100.000000 2.500000 -99.950660 162.191100 24.544304 16.000000 20.100797 0.671190 0.000000
-100.000000 2.500000 -99.950660 162.191100 24.544304 16.000000 20.100797 0.671190 0.000000
-1.000000 0.500000 -0.999923 0.706534 1.794152 0.010000 0.010000 0.420560 0.000807
-2.000000 0.500000 -1.999922 1.244994 2.286756 0.010000 0.709369 0.491640 0.000790
-3.000000 0.500000 -3.000003 1.735221 2.641712 0.010000 1.065057 0.524516 0.000034
-4.000000 0.500000 -4.000604 2.200458 2.935027 0.100000 1.352496 0.544035 0.000683
-5.000000 0.500000 -5.000604 2.649427 3.186926 0.100000 1.595649 0.557283 0.000544
-50.000000 0.500000 -50.011719 20.005962 8.123828 5.000000 6.473863 0.632805 0.000003
-5.000000 0.500000 -5.000027 2.649210 3.186380 0.010000 1.595002 0.557283 0.000140
-4.000000 0.500000 -4.000019 2.200243 2.932200 0.010000 1.348948 0.544035 0.000247
-50.000000 0.500000 -50.016098 20.007428 8.124560 5.000000 6.475035 0.632805 0.000040
-50.000000 0.500000 -50.010882 19.995252 8.124341 4.000000 6.474332 0.632531 0.000076
-100.000000 0.500000 -100.007131 38.073826 11.069499 5.500000 9.408352 0.642552 0.000933
-50.000000 2.500000 -50.001720 80.183703 17.937845 5.500000 13.575350 0.673072 0.000000
-1.000000 2.500000 -1.000000 1.300750 3.475206 0.010000 0.010000 0.714723 0.000000
-2.000000 2.500000 -1.999830 2.769750 4.655961 0.010000 1.177958 0.700171 0.000000
-3.000000 2.500000 -2.995277 4.286582 5.492747 0.010000 1.851247 0.693754 0.000000
-4.000000 2.500000 -3.992524 5.827976 6.172453 0.010000 2.420195 0.689967 0.000000
-5.000000 2.500000 -4.988970 7.384902 6.756554 0.010000 2.925161 0.687409 0.000000
-10.000000 2.500000 -9.953478 15.291343 8.976270 0.010000 4.931412 0.681176 0.000000
-20.000000 2.500000 -19.686437 31.354634 12.017051 0.010000 7.810118 0.677189 0.000000
-50.000000 2.500000 -49.998605 80.183580 17.937681 4.000000 13.575454 0.673072 0.000000
-1.000000 0.500000 -1.000000 0.706139 1.797783 0.001000 0.001000 0.418786 0.000000
-2.000000 0.500000 -2.000000 1.244928 2.288009 0.001000 0.713198 0.491641 0.000000
-3.000000 0.500000 -3.000000 1.735223 2.645152 0.001000 1.065451 0.524516 0.000000
-4.000000 0.500000 -4.000000 2.200236 2.933367 0.001000 1.349967 0.544035 0.000000
-5.000000 0.500000 -5.000000 2.649198 3.185636 0.001000 1.593556 0.557283 0.000000
-10.000000 0.500000 -10.000000 4.767254 4.154277 0.001000 2.543427 0.589831 0.000000
-10.000000 1.500000 -9.999999 10.255522 6.730833 0.010000 4.060170 0.661321 0.000000
-20.000000 1.500000 -20.004731 20.393421 9.045886 2.000000 6.316983 0.662873 0.000000
-20.000000 2.500000 -19.982500 31.364781 12.018870 2.000000 7.810361 0.676846 0.000000
-100.000000 2.500000 -97.712941 166.686120 25.363651 16.000000 20.075324 0.684128 0.000003
-100.000000 2.500000 -99.845080 162.190822 24.544187 16.500000 20.100856 0.671208 0.000000
-20.000000 0.500000 -20.000001 8.735667 5.495028 0.010000 3.865608 0.612550 0.000000
-1.000000 5.000000 -0.982228 1.777954 4.986511 0.010000 0.010000 0.780922 0.000000
-5.000000 5.000000 -4.879994 12.193417 10.255109 0.010000 3.534374 0.719772 0.000000
-25.000000 5.000000 -23.839913 72.251382 19.834952 0.100000 11.796780 0.692175 0.000000
-25.000000 5.000000 -24.586870 72.344206 19.820057 0.100000 11.800643 0.690308 0.000000
-25.000000 5.000000 -23.362388 73.160810 19.829556 0.100000 11.801890 0.689708 0.000004
-25.000000 5.000000 -24.814201 72.356959 19.821678 4.000000 11.801050 0.690123 0.000000
-5.000000 5.000000 -4.991338 12.194693 10.255518 0.100000 3.534365 0.719701 0.000000
-1.000000 5.000000 -0.998731 1.792196 4.980536 0.100000 0.100000 0.784842 0.000000
