-5000.000000 1.600000 -5000.016490 4008.761464 129.452172 0.749726
-5000.000000 1.700000 -5000.016446 4255.969042 133.471680 0.749825
-5000.000000 1.800000 -5000.016432 4503.104586 137.407651 0.749914
-5000.000000 1.900000 -5000.016443 4750.170517 141.262262 0.749996
-5000.000000 2.000000 -5000.016476 4997.168968 145.039166 0.750072
-5000.000000 2.100000 -5000.016527 5244.101832 148.739696 0.750142
-5000.000000 2.200000 -5000.016594 5490.970811 152.368470 0.750207
-5000.000000 2.300000 -5000.016674 5737.777446 155.925102 0.750268
-5000.000000 2.400000 -5000.030302 5984.539379 159.413835 0.750324
-5000.000000 2.500000 -5000.020384 6231.213577 162.836903 0.750378
-5000.000000 2.600000 -5000.020576 6477.841465 166.197397 0.750429
-5000.000000 2.700000 -5000.020776 6724.411969 169.497771 0.750476
-5000.000000 2.800000 -5000.020984 6970.926280 172.741263 0.750522
-5000.000000 2.900000 -5000.021198 7217.385212 175.930134 0.750565
-5000.000000 3.000000 -5000.021419 7463.789738 179.067848 0.750607
-5000.000000 3.100000 -5000.032469 7710.157489 182.156062 0.750646
-5000.000000 3.200000 -5000.021875 7956.438951 185.197487 0.750684
-5000.000000 3.300000 -5000.022110 8202.685240 188.194670 0.750721
-5000.000000 3.400000 -5000.016761 8448.870834 191.148590 0.750756
-5000.000000 3.500000 -5000.016943 8695.017274 194.061822 0.750768
