-3.000000 1.800000 -3.000173 2.777114 6.153462 0.746318
-3.000000 2.100000 -3.000141 3.042818 6.840062 0.755713
-3.000000 2.400000 -3.000111 3.300076 7.546977 0.763237
-3.000000 2.700000 -3.000079 3.549674 8.282330 0.769482
-3.000000 3.000000 -3.000045 3.792245 8.989244 0.774809
-3.000000 3.300000 -3.000008 4.028298 9.685325 0.779452
-3.000000 3.600000 -2.999967 4.258282 10.370571 0.78356
-3.000000 3.900000 -2.999924 4.482590 11.031441 0.78726
-3.000000 4.200000 -2.999877 4.701572 11.676060 0.79063
-3.000000 4.500000 -3.000067 4.915534 12.308492 0.79371
