-4.000000 1.800000 -4.000173 3.689358 6.705992 0.746846
-4.000000 2.100000 -4.000286 4.070656 7.453534 0.754977
-4.000000 2.400000 -4.000238 4.441229 8.221389 0.761495
-4.000000 2.700000 -4.000192 4.802130 8.997370 0.766913
-4.000000 3.000000 -4.000147 5.154075 9.771996 0.771541
-4.000000 3.300000 -4.000100 5.497754 10.514121 0.77558
-4.000000 3.600000 -4.000052 5.833691 11.245412 0.77916
-4.000000 3.900000 -4.000002 6.162361 11.957743 0.78239
-4.000000 4.200000 -3.999950 6.484214 12.653823 0.78533
-4.000000 4.500000 -4.000135 6.799558 13.328236 0.78803
