-4.000000 1.600000 -4.000011 3.428768 6.248745 0.740110
-4.000000 1.700000 -4.000010 3.559726 6.461942 0.743639
-4.000000 1.800000 -4.000010 3.689320 6.689594 0.746846
-4.000000 1.900000 -4.000009 3.817605 6.928087 0.749780
-4.000000 2.000000 -4.000009 3.944631 7.175613 0.752479
-4.000000 2.100000 -4.000008 4.070442 7.430366 0.754977
-4.000000 2.200000 -4.000007 4.195078 7.688733 0.757298
-4.000000 2.300000 -4.000005 4.318578 7.950713 0.759465
-4.000000 2.400000 -4.000000 4.440974 8.212693 0.761495
-4.000000 2.500000 -3.999990 4.562299 8.475276 0.763405
-4.000000 2.600000 -3.999972 4.682583 8.736654 0.765207
-4.000000 2.700000 -3.999940 4.801851 8.996828 0.766913
-4.000000 2.800000 -3.999890 4.920132 9.255797 0.768532
-4.000000 2.900000 -3.999814 5.037450 9.511152 0.770072
-4.000000 3.000000 -3.999703 5.153826 9.765303 0.771541
-4.000000 3.100000 -3.999547 5.269283 10.017045 0.77294
-4.000000 3.200000 -3.999333 5.383842 10.266980 0.77429
-4.000000 3.300000 -3.999051 5.497522 10.514507 0.77558
-4.000000 3.400000 -3.998684 5.610342 10.758419 0.77682
-4.000000 3.500000 -3.998220 5.722321 11.002332 0.77801
