-50.000000 0.550000 -50.007673 21.571695 8.461351 0.636423
-50.000000 0.600000 -50.007147 23.141869 8.785033 0.639731
-50.000000 0.650000 -50.006699 24.705723 9.096630 0.642582
-50.000000 0.700000 -50.006311 26.263891 9.400027 0.645071
-50.000000 0.750000 -50.005347 27.816536 9.696346 0.647265
-50.000000 0.800000 -50.005093 29.364727 9.985516 0.649218
-50.000000 0.850000 -50.004869 30.908461 10.268675 0.650969
-50.000000 0.900000 -50.003501 32.447314 10.546977 0.652550
-50.000000 0.950000 -50.003365 33.982907 10.821586 0.653988
-50.000000 1.000000 -50.003243 35.514747 11.090428 0.655302
-50.000000 1.050000 -50.003130 37.043005 11.354671 0.656510
-50.000000 1.100000 -50.003025 38.567831 11.615492 0.657624
-50.000000 1.150000 -50.002959 40.089354 11.873675 0.658657
-50.000000 1.200000 -50.002877 41.607692 12.127133 0.659619
-50.000000 1.250000 -50.002800 43.122948 12.377881 0.660517
-50.000000 1.300000 -50.003639 44.636006 12.6258887 0.661358
-50.000000 1.350000 -50.003991 46.145783 12.8707093 0.662148
-50.000000 1.400000 -50.002578 47.651120 13.1143898 0.662893
-50.000000 1.450000 -50.002491 49.154904 13.3535765 0.663597
-50.000000 1.500000 -50.002384 50.655999 13.5911516 0.664264
-50.000000 1.550000 -50.002245 52.154464 13.8266779 0.664896
-50.000000 1.600000 -50.002060 53.650356 14.0597079 0.665498
-50.000000 1.650000 -50.001808 55.143727 14.2902163 0.666072
-50.000000 1.700000 -50.001526 56.634627 14.5198668 0.666620
-50.000000 1.750000 -50.001084 58.123100 14.7461028 0.667144
-50.000000 1.800000 -50.000503 59.609190 14.9710149 0.667647
-50.000000 1.850000 -49.999182 61.092250 15.1941592 0.668129
-50.000000 1.900000 -49.998215 62.573685 15.4155175 0.668592
-50.000000 1.950000 -49.996992 64.052853 15.6353525 0.669038
-50.000000 2.000000 -49.996101 65.530623 15.8529313 0.669467
-50.000000 2.050000 -49.994229 67.005369 16.0683753 0.669882
-50.000000 2.100000 -49.991967 68.477946 16.2826675 0.670282
-50.000000 2.150000 -49.989268 69.948385 16.4950717 0.670670
-50.000000 2.200000 -49.984853 71.415085 16.7060010 0.671045
-50.000000 2.250000 -49.981119 72.881312 16.9152965 0.671408
-50.000000 2.300000 -49.976797 74.345482 17.1229369 0.671761
-50.000000 2.350000 -49.971842 75.807620 17.3289055 0.672103
-50.000000 2.400000 -49.967537 77.269459 17.5336213 0.672436
-50.000000 2.450000 -49.961222 78.727623 17.7366321 0.672760
-50.000000 2.500000 -49.952932 80.182073 17.9377711 0.673075
-50.000000 2.550000 -49.945523 81.637127 18.1377572 0.673383
-50.000000 2.600000 -49.937597 83.090413 18.3365759 0.673683
-50.000000 2.650000 -49.927493 84.539865 18.5333246 0.673976
-50.000000 2.700000 -49.917058 85.988393 18.7291714 0.674262
-50.000000 2.750000 -49.906797 87.437046 18.9241045 0.674543
-50.000000 2.800000 -49.894506 88.881869 19.1169208 0.674817
-50.000000 2.850000 -49.881261 90.324852 19.3081951 0.675086
-50.000000 2.900000 -49.867049 91.766006 19.4988134 0.675350
-50.000000 2.950000 -49.851857 93.205347 19.6881642 0.675609
-50.000000 3.000000 -49.835679 94.642885 19.8756336 0.675864
-50.000000 3.050000 -49.818508 96.078631 20.0624088 0.676115
-50.000000 3.100000 -49.800343 97.512596 20.2478761 0.676362
-50.000000 3.150000 -49.781185 98.944789 20.4320239 0.676605
-50.000000 3.200000 -49.761039 100.375219 20.6154436 0.676845
-50.000000 3.250000 -49.739910 101.803893 20.7975190 0.677082
-50.000000 3.300000 -49.718685 103.232746 20.9782367 0.677317
-50.000000 3.350000 -49.694748 104.656004 21.1581935 0.677549
-50.000000 3.400000 -49.670738 106.079453 21.3367682 0.677779
-50.000000 3.450000 -49.645819 107.501172 21.5145625 0.678007
-50.000000 3.500000 -49.619968 108.921164 21.6909500 0.678233
