-1 -1.000011 0.764856 2.319425 0.010000 0.010000 0.663967
-2 -2.000007 1.408341 2.987586 0.010000 0.920759 0.688872
-3 -3.000007 2.017918 3.489046 0.010000 1.398501 0.700325
-4 -4.000057 2.609985 3.886148 0.010000 1.790860 0.707130
-10 -10.000023 6.006607 5.593821 0.010000 3.447032 0.723121
-100 -100.010157 53.324055 15.344360 5.000000 13.116866 0.741561
-1000 -1000.036153 510.630890 45.950832 40.000000 43.694866 0.747334
-5000 -5000.035776 2523.812333 101.237196 95.000000 98.973096 0.748808
-10000 -10000.029743 5033.686629 142.659526 135.000000 140.394523 0.749157
-20000 -20000.028594 10047.653692 201.239455 190.000000 198.972945 0.749404
-30000 -30000.035373 15058.375072 246.189142 235.000000 243.921879 0.749513
-40000 -40000.082862 20067.434467 284.083213 275.000000 281.815498 0.749578
-50000 -50000.033831 25075.369705 317.468140 310.000000 315.200651 0.749616
-60000 -60000.055818 30082.579344 347.650940 340.000000 345.382999 0.749656
-70000 -70000.040307 35089.193727 375.406544 368.000000 373.138648 0.749681
-80000 -80000.228769 40095.363758 401.240849 390.000000 398.972908 0.749664
-90000 -90000.027759 45101.130261 425.505129 415.000000 423.236925 0.749720
-100000 -100000.025410 50106.630777 448.454778 443.000000 446.186461 0.749658
