-2.000000 1.600000 -2.000004 1.754222 5.107775 0.735852
-2.000000 1.700000 -2.000004 1.808683 5.278514 0.740857
-2.000000 1.800000 -2.000004 1.862359 5.464610 0.745401
-2.000000 1.900000 -2.000004 1.915282 5.659741 0.749553
-2.000000 2.000000 -2.000004 1.967500 5.864808 0.753369
-2.000000 2.100000 -2.000004 2.019030 6.068972 0.756895
-2.000000 2.200000 -2.000003 2.069899 6.283073 0.760168
-2.000000 2.300000 -2.000003 2.120130 6.505305 0.763220
-2.000000 2.400000 -2.000001 2.169745 6.718502 0.766076
-2.000000 2.500000 -1.999999 2.218764 6.937120 0.768758
-2.000000 2.600000 -1.999994 2.267205 7.153932 0.771286
-2.000000 2.700000 -1.999985 2.315087 7.372550 0.773675
-2.000000 2.800000 -1.999970 2.362425 7.588458 0.775939
-2.000000 2.900000 -1.999946 2.409236 7.805269 0.778090
-2.000000 3.000000 -1.999911 2.455531 8.017563 0.780138
-2.000000 3.100000 -1.999861 2.501326 8.228954 0.782093
-2.000000 3.200000 -1.999792 2.546635 8.441249 0.783962
-2.000000 3.300000 -1.999699 2.591470 8.648123 0.785754
-2.000000 3.400000 -1.999576 2.635842 8.853491 0.787473
-2.000000 3.500000 -1.999417 2.679763 9.058860 0.789125
