-5.000000 0.550000 -4.999983 2.786283 3.288819 0.569809
-5.000000 0.600000 -5.000032 2.921518 3.388944 0.580449
-5.000000 0.650000 -5.000025 3.055118 3.490724 0.589617
-5.000000 0.700000 -5.000005 3.187238 3.584676 0.597613
-5.000000 0.750000 -5.000026 3.318030 3.681488 0.604661
-5.000000 0.800000 -5.000010 3.447570 3.777096 0.610929
-5.000000 0.850000 -5.000015 3.575944 3.874209 0.616550
-5.000000 0.900000 -5.000019 3.703246 3.967709 0.621625
-5.000000 0.950000 -5.000020 3.829518 4.061661 0.626237
-5.000000 1.000000 -5.000016 3.954810 4.157871 0.630452
-5.000000 1.050000 -5.000017 4.079174 4.250919 0.634324
-5.000000 1.100000 -5.000003 4.202648 4.341408 0.637898
-5.000000 1.150000 -5.000013 4.325269 4.432047 0.641210
-5.000000 1.200000 -5.000008 4.447058 4.523062 0.644292
-5.000000 1.250000 -4.999997 4.568061 4.614981 0.647170
-5.000000 1.300000 -4.999994 4.688290 4.705319 0.649866
-5.000000 1.350000 -5.000011 4.807774 4.796109 0.652400
-5.000000 1.400000 -5.000011 4.926527 4.887802 0.654787
-5.000000 1.450000 -5.000011 5.044576 4.975882 0.657043
-5.000000 1.500000 -5.000007 5.161937 5.065316 0.659180
-5.000000 1.550000 -5.000381 5.279022 5.153240 0.661208
-5.000000 1.600000 -5.000368 5.395058 5.241373 0.663137
-5.000000 1.650000 -5.000355 5.510453 5.327707 0.664976
-5.000000 1.700000 -5.000343 5.625221 5.416739 0.666732
-5.000000 1.750000 -5.000330 5.739377 5.503073 0.668411
-5.000000 1.800000 -5.000317 5.852931 5.591206 0.670021
-5.000000 1.850000 -5.000302 5.965897 5.675741 0.671565
-5.000000 1.900000 -5.000286 6.078285 5.760726 0.673050
-5.000000 1.950000 -5.000268 6.190106 5.846611 0.674478
-5.000000 2.000000 -5.000246 6.301369 5.932045 0.675855
-5.000000 2.050000 -5.000220 6.412085 6.016131 0.677183
-5.000000 2.100000 -5.000188 6.522263 6.100667 0.678466
-5.000000 2.150000 -5.000150 6.631912 6.183853 0.679707
-5.000000 2.200000 -5.000102 6.741040 6.267939 0.680909
-5.000000 2.250000 -5.000061 6.849656 6.349776 0.682073
-5.000000 2.300000 -4.999991 6.957767 6.432063 0.683202
-5.000000 2.350000 -4.999906 7.065381 6.514800 0.684298
-5.000000 2.400000 -4.999803 7.172505 6.595738 0.685364
-5.000000 2.450000 -4.999680 7.279147 6.676227 0.686400
-5.000000 2.500000 -4.999533 7.385313 6.757615 0.687408
-5.000000 2.550000 -4.999361 7.491009 6.837654 0.688390
-5.000000 2.600000 -4.999158 7.596243 6.916793 0.689348
-5.000000 2.650000 -4.998922 7.701020 6.995033 0.690282
-5.000000 2.700000 -4.998649 7.805347 7.074623 0.691193
-5.000000 2.750000 -4.998335 7.909229 7.152413 0.692083
-5.000000 2.800000 -4.997976 8.012672 7.230653 0.692954
-5.000000 2.850000 -4.997568 8.115681 7.307095 0.693804
-5.000000 2.900000 -4.997106 8.218262 7.383537 0.694637
-5.000000 2.950000 -4.996588 8.320420 7.460878 0.695452
-5.000000 3.000000 -4.996007 8.422160 7.536420 0.696250
-5.000000 3.050000 -4.995360 8.523487 7.611063 0.697032
-5.000000 3.100000 -4.994643 8.624406 7.687055 0.697799
-5.000000 3.150000 -4.993850 8.724921 7.761248 0.698552
-5.000000 3.200000 -4.992978 8.825037 7.835442 0.699290
-5.000000 3.250000 -4.992022 8.924759 7.909185 0.700015
-5.000000 3.300000 -4.990978 9.024090 7.982030 0.700726
-5.000000 3.350000 -4.989842 9.123035 8.055324 0.701426
-5.000000 3.400000 -4.988609 9.221598 8.127269 0.702113
-5.000000 3.450000 -4.987274 9.319784 8.198764 0.702789
-5.000000 3.500000 -4.985836 9.417595 8.270709 0.703454
