-5.000000 1.800000 -5.000680 4.600613 7.169143 0.747199
-5.000000 2.100000 -5.000576 5.101233 7.961375 0.754464
-5.000000 2.400000 -5.000492 5.589397 8.790171 0.760293
-5.000000 2.700000 -5.000418 6.066113 9.623030 0.765140
-5.000000 3.000000 -5.000350 6.532253 10.432866 0.76928
-5.000000 3.300000 -5.000285 6.988511 11.223744 0.77290
-5.000000 3.600000 -5.000221 7.435571 11.992953 0.77612
-5.000000 3.900000 -5.000158 7.873929 12.745912 0.77901
-5.000000 4.200000 -5.000095 8.304024 13.477202 0.78165
-5.000000 4.500000 -5.000270 8.726273 14.189534 0.78408
