-2.000000 0.550000 -2.000012 1.292638 2.350658 0.511856
-2.000000 0.600000 -2.000011 1.339409 2.417960 0.529009
-2.000000 0.650000 -2.000010 1.385339 2.481197 0.543776
-2.000000 0.700000 -2.000009 1.430500 2.542175 0.556646
-2.000000 0.750000 -2.000008 1.474958 2.606767 0.567980
-2.000000 0.800000 -2.000007 1.518774 2.666842 0.578055
-2.000000 0.850000 -2.000006 1.561985 2.732337 0.587083
-2.000000 0.900000 -2.000005 1.604619 2.795122 0.595230
-2.000000 0.950000 -2.000003 1.646727 2.854293 0.602630
-2.000000 1.000000 -2.000002 1.688311 2.915723 0.609389
-2.000000 1.050000 -2.000001 1.729413 2.978959 0.615595
-2.000000 1.100000 -2.000000 1.770064 3.040841 0.621320
-2.000000 1.150000 -2.000001 1.810273 3.100916 0.626623
-2.000000 1.200000 -2.000000 1.850059 3.164604 0.631556
-2.000000 1.250000 -1.999999 1.889436 3.225582 0.636159
-2.000000 1.300000 -1.999999 1.928421 3.286560 0.640470
-2.000000 1.350000 -1.999998 1.967025 3.344377 0.644519
-2.000000 1.400000 -1.999997 2.005260 3.404000 0.648333
-2.000000 1.450000 -1.999996 2.043138 3.464828 0.651935
-2.000000 1.500000 -1.999995 2.080668 3.525053 0.655344
-2.000000 1.550000 -1.999995 2.117859 3.582869 0.658579
-2.000000 1.600000 -1.999994 2.154721 3.644299 0.661655
-2.000000 1.650000 -1.999993 2.191262 3.703922 0.664585
-2.000000 1.700000 -1.999992 2.227491 3.761739 0.667382
-2.000000 1.750000 -1.999991 2.263413 3.820458 0.670056
-2.000000 1.800000 -1.999990 2.299040 3.875564 0.672617
-2.000000 1.850000 -1.999988 2.334373 3.936091 0.675073
-2.000000 1.900000 -1.999986 2.369423 3.990294 0.677432
-2.000000 1.950000 -1.999983 2.404192 4.049013 0.679701
-2.000000 2.000000 -1.999980 2.438689 4.105926 0.681887
-2.000000 2.050000 -1.999975 2.472920 4.162839 0.683995
-2.000000 2.100000 -1.999969 2.506887 4.217946 0.686029
-2.000000 2.150000 -1.999961 2.540598 4.273052 0.687996
-2.000000 2.200000 -1.999951 2.574056 4.329061 0.689899
-2.000000 2.250000 -1.999956 2.607266 4.385974 0.691741
-2.000000 2.300000 -1.999940 2.640234 4.441081 0.693528
-2.000000 2.350000 -1.999921 2.672963 4.493928 0.695261
-2.000000 2.400000 -1.999897 2.705458 4.548583 0.696944
-2.000000 2.450000 -1.999868 2.737722 4.602786 0.698580
-2.000000 2.500000 -1.999833 2.769760 4.655633 0.700171
-2.000000 2.550000 -1.999790 2.801577 4.709384 0.701719
-2.000000 2.600000 -1.999740 2.833173 4.762684 0.703228
-2.000000 2.650000 -1.999680 2.864554 4.814628 0.704698
-2.000000 2.700000 -1.999611 2.895724 4.867024 0.706133
-2.000000 2.750000 -1.999529 2.926684 4.918969 0.707532
-2.000000 2.800000 -1.999436 2.957439 4.970461 0.708899
-2.000000 2.850000 -1.999328 2.987993 5.022406 0.710235
-2.000000 2.900000 -1.999205 3.018347 5.073447 0.711541
-2.000000 2.950000 -1.999065 3.048505 5.123133 0.712818
-2.000000 3.000000 -1.998908 3.078471 5.173722 0.714069
-2.000000 3.050000 -1.998731 3.108245 5.224311 0.715293
-2.000000 3.100000 -1.998533 3.137832 5.273997 0.716492
-2.000000 3.150000 -1.998312 3.167234 5.322780 0.717668
-2.000000 3.200000 -1.998068 3.196454 5.372014 0.718820
-2.000000 3.250000 -1.997799 3.225494 5.421248 0.719951
-2.000000 3.300000 -1.997502 3.254355 5.469579 0.721060
-2.000000 3.350000 -1.997177 3.283043 5.517458 0.722149
-2.000000 3.400000 -1.996822 3.311558 5.564886 0.723219
-2.000000 3.450000 -1.996435 3.339903 5.611861 0.724269
-2.000000 3.500000 -1.996016 3.368080 5.659741 0.725302
