-2.000000 1231.504320 0.012000 -2.000008 126.123303 6.410450 0.706942 
-2.000000 1206.371579 0.012000 -2.000008 124.942280 6.358957 0.704765 
-2.000000 1181.238838 0.012000 -2.000008 123.758856 6.324629 0.702508 
-2.000000 1156.106097 0.012000 -2.000008 122.570508 6.281266 0.700165 
-2.000000 1130.973355 0.012000 -2.000008 121.376240 6.225708 0.697730 
-2.000000 1105.840614 0.012000 -2.000008 120.175579 6.168795 0.695198 
-2.000000 1080.707873 0.012000 -2.000009 118.968460 6.118658 0.692562 
-2.000000 1055.575132 0.012000 -2.000009 117.757874 6.068520 0.689814 
-2.000000 1030.442390 0.012000 -2.000009 116.539264 6.007542 0.686948 
-2.000000 1005.309649 0.012000 -2.000009 115.314440 5.945209 0.683955 
-2.000000 980.176908 0.012000 -2.000009 114.085329 5.885586 0.680824 
-2.000000 955.044167 0.012000 -2.000010 112.848836 5.827318 0.677547 
-2.000000 929.911425 0.012000 -2.000010 111.605913 5.758209 0.674111 
-2.000000 904.778684 0.012000 -2.000010 110.354332 5.691811 0.670504 
-2.000000 879.645943 0.012000 -2.000011 109.096177 5.621347 0.666712 
-2.000000 854.513202 0.012000 -2.000011 107.829961 5.557659 0.662719 
-2.000000 829.380461 0.012000 -2.000011 106.556023 5.480420 0.658508 
-2.000000 804.247719 0.012000 -2.000012 105.274093 5.409956 0.654059 
-2.000000 779.114978 0.012000 -2.000012 103.983797 5.334072 0.649350 
-2.000000 753.982237 0.012000 -2.000012 102.684781 5.247347 0.644356 
-2.000000 728.849496 0.012000 -2.000013 101.376746 5.171464 0.639051 
-2.000000 703.716754 0.012000 -2.000013 100.059123 5.088804 0.633400 
-2.000000 678.584013 0.012000 -2.000014 98.732441 5.002080 0.627368 
-2.000000 653.451272 0.012000 -2.000014 97.393019 4.919420 0.620914 
-2.000000 628.318531 0.012000 -2.000015 96.040767 4.824565 0.613989 
-2.000000 603.185789 0.012000 -2.000015 94.677962 4.729711 0.606536 
-2.000000 578.053048 0.012000 -2.000016 93.294730 4.636211 0.598491 
-2.000000 552.920307 0.012000 -2.000017 91.906864 4.531870 0.589776 
-2.000000 527.787566 0.012000 -2.000018 90.503463 4.434305 0.580302 
-2.000000 502.654825 0.012000 -2.000019 89.084222 4.323189 0.569960 
-2.000000 1231.504320 0.014000 -2.000007 116.202355 6.557701 0.722205 
-2.000000 1206.371579 0.014000 -2.000007 115.062267 6.535116 0.720260 
-2.000000 1181.238838 0.014000 -2.000007 113.916148 6.517049 0.718246 
-2.000000 1156.106097 0.014000 -2.000007 112.763590 6.491754 0.716156 
-2.000000 1130.973355 0.014000 -2.000007 111.611258 6.458329 0.713986 
-2.000000 1105.840614 0.014000 -2.000007 110.449349 6.426711 0.711731 
-2.000000 1080.707873 0.014000 -2.000007 109.282655 6.387865 0.709385 
-2.000000 1055.575132 0.014000 -2.000008 108.109502 6.340438 0.706942 
-2.000000 1030.442390 0.014000 -2.000008 106.930078 6.300237 0.704395 
-2.000000 1005.309649 0.014000 -2.000008 105.744439 6.241969 0.701737 
-2.000000 980.176908 0.014000 -2.000008 104.552576 6.195897 0.698959 
-2.000000 955.044167 0.014000 -2.000008 103.354309 6.132209 0.696053 
-2.000000 929.911425 0.014000 -2.000009 102.149555 6.068520 0.693008 
-2.000000 904.778684 0.014000 -2.000009 100.938185 6.015672 0.689814 
-2.000000 879.645943 0.014000 -2.000009 99.719571 5.938433 0.686458 
-2.000000 854.513202 0.014000 -2.000009 98.494092 5.872035 0.682927 
-2.000000 829.380461 0.014000 -2.000010 97.260240 5.801571 0.679205 
-2.000000 804.247719 0.014000 -2.000010 96.018616 5.728398 0.675275 
-2.000000 779.114978 0.014000 -2.000010 94.768928 5.659289 0.671118 
-2.000000 753.982237 0.014000 -2.000011 93.510844 5.579340 0.666712 
-2.000000 728.849496 0.014000 -2.000011 92.244035 5.492615 0.662033 
-2.000000 703.716754 0.014000 -2.000012 90.968100 5.412666 0.657052 
-2.000000 678.584013 0.014000 -2.000012 89.682956 5.327297 0.651738 
-2.000000 653.451272 0.014000 -2.000012 88.388254 5.229732 0.646054 
-2.000000 628.318531 0.014000 -2.000013 87.070280 5.136232 0.639958 
-2.000000 603.185789 0.014000 -2.000013 85.753694 5.048152 0.633400 
-2.000000 578.053048 0.014000 -2.000014 84.426204 4.950587 0.626323 
-2.000000 552.920307 0.014000 -2.000014 83.084692 4.842181 0.618661 
-2.000000 527.787566 0.014000 -2.000015 81.729926 4.735131 0.610332 
-2.000000 502.654825 0.014000 -2.000016 80.361034 4.628080 0.601243 
-2.000000 1231.504320 0.016000 -2.000006 108.532178 6.427614 0.734139 
-2.000000 1206.371579 0.016000 -2.000006 107.425140 6.434389 0.732367 
-2.000000 1181.238838 0.016000 -2.000006 106.315376 6.454715 0.730531 
-2.000000 1156.106097 0.016000 -2.000006 105.200341 6.470976 0.728629 
-2.000000 1130.973355 0.016000 -2.000006 104.079025 6.479107 0.726656 
-2.000000 1105.840614 0.016000 -2.000006 102.951442 6.492657 0.724607 
-2.000000 1080.707873 0.016000 -2.000006 101.818245 6.479107 0.722477 
-2.000000 1055.575132 0.016000 -2.000006 100.680196 6.476396 0.720260 
-2.000000 1030.442390 0.016000 -2.000007 99.534661 6.446585 0.717952 
-2.000000 1005.309649 0.016000 -2.000007 98.382945 6.419483 0.715544 
-2.000000 980.176908 0.016000 -2.000007 97.224981 6.384252 0.713030 
-2.000000 955.044167 0.016000 -2.000007 96.060338 6.347213 0.710402 
-2.000000 929.911425 0.016000 -2.000008 94.889125 6.295720 0.707650 
-2.000000 904.778684 0.016000 -2.000008 93.711168 6.243324 0.704765 
-2.000000 879.645943 0.016000 -2.000008 92.526135 6.195897 0.701737 
-2.000000 854.513202 0.016000 -2.000008 91.334187 6.126788 0.698552 
-2.000000 829.380461 0.016000 -2.000008 90.134386 6.064455 0.695198 
-2.000000 804.247719 0.016000 -2.000009 88.927005 5.998057 0.691658 
-2.000000 779.114978 0.016000 -2.000009 87.711655 5.927593 0.687917 
-2.000000 753.982237 0.016000 -2.000009 86.488136 5.844934 0.683955 
-2.000000 728.849496 0.016000 -2.000010 85.256297 5.770405 0.679749 
-2.000000 703.716754 0.016000 -2.000010 84.008423 5.686390 0.675275 
-2.000000 678.584013 0.016000 -2.000010 82.758253 5.595601 0.670504 
-2.000000 653.451272 0.016000 -2.000011 81.498437 5.514296 0.665404 
-2.000000 628.318531 0.016000 -2.000011 80.228628 5.414021 0.659937 
-2.000000 603.185789 0.016000 -2.000012 78.948022 5.325942 0.654059 
-2.000000 578.053048 0.016000 -2.000012 77.656742 5.221601 0.647718 
-2.000000 552.920307 0.016000 -2.000013 76.352880 5.118616 0.640856 
-2.000000 527.787566 0.016000 -2.000013 75.036472 5.003435 0.633400 
-2.000000 502.654825 0.016000 -2.000014 73.706987 4.900449 0.625266 
-2.000000 1231.504320 0.018000 -2.000005 102.390036 6.643070 0.743814 
-2.000000 1206.371579 0.018000 -2.000005 101.316221 6.565831 0.742173 
-2.000000 1181.238838 0.018000 -2.000005 100.236830 6.495367 0.740475 
-2.000000 1156.106097 0.018000 -2.000005 99.151820 6.435744 0.738716 
-2.000000 1130.973355 0.018000 -2.000005 98.060964 6.395092 0.736894 
-2.000000 1105.840614 0.018000 -2.000006 96.964238 6.372056 0.735003 
-2.000000 1080.707873 0.018000 -2.000006 95.861408 6.377476 0.733038 
-2.000000 1055.575132 0.018000 -2.000006 94.752487 6.384252 0.730996 
-2.000000 1030.442390 0.018000 -2.000006 93.637343 6.400512 0.728871 
-2.000000 1005.309649 0.018000 -2.000006 92.515701 6.424904 0.726656 
-2.000000 980.176908 0.018000 -2.000006 91.387547 6.428969 0.724345 
-2.000000 955.044167 0.018000 -2.000006 90.252636 6.426259 0.721931 
-2.000000 929.911425 0.018000 -2.000007 89.110978 6.409998 0.719406 
-2.000000 904.778684 0.018000 -2.000007 87.962247 6.376121 0.716761 
-2.000000 879.645943 0.018000 -2.000007 86.806307 6.347665 0.713986 
-2.000000 854.513202 0.018000 -2.000007 85.643497 6.307013 0.711070 
-2.000000 829.380461 0.018000 -2.000008 84.475787 6.256875 0.708001 
-2.000000 804.247719 0.018000 -2.000008 83.296178 6.198607 0.704765 
-2.000000 779.114978 0.018000 -2.000008 82.110845 6.140339 0.701347 
-2.000000 753.982237 0.018000 -2.000008 80.917157 6.073940 0.697730 
-2.000000 728.849496 0.018000 -2.000009 79.715072 5.991281 0.693893 
-2.000000 703.716754 0.018000 -2.000009 78.504379 5.919462 0.689814 
-2.000000 678.584013 0.018000 -2.000009 77.284517 5.838158 0.685468 
-2.000000 653.451272 0.018000 -2.000009 76.055203 5.746013 0.680824 
-2.000000 628.318531 0.018000 -2.000010 74.815510 5.656579 0.675850 
-2.000000 603.185789 0.018000 -2.000010 73.565696 5.565789 0.670504 
-2.000000 578.053048 0.018000 -2.000011 72.304764 5.466869 0.664741 
-2.000000 552.920307 0.018000 -2.000011 71.032721 5.358463 0.658508 
-2.000000 527.787566 0.018000 -2.000012 69.748373 5.243282 0.651738 
-2.000000 502.654825 0.018000 -2.000012 68.451219 5.138942 0.644356 
-2.000000 1231.504320 0.020000 -2.000004 97.332855 7.195939 0.751880 
-2.000000 1206.371579 0.020000 -2.000005 96.287255 7.064497 0.750342 
-2.000000 1181.238838 0.020000 -2.000005 95.235940 6.930345 0.748751 
-2.000000 1156.106097 0.020000 -2.000005 94.178881 6.815164 0.747106 
-2.000000 1130.973355 0.020000 -2.000005 93.115859 6.698628 0.745401 
-2.000000 1105.840614 0.020000 -2.000005 92.046911 6.602418 0.743634 
-2.000000 1080.707873 0.020000 -2.000005 90.971779 6.508918 0.741801 
-2.000000 1055.575132 0.020000 -2.000005 89.890443 6.441165 0.739896 
-2.000000 1030.442390 0.020000 -2.000005 88.802733 6.377476 0.737915 
-2.000000 1005.309649 0.020000 -2.000005 87.708567 6.338179 0.735852 
-2.000000 980.176908 0.020000 -2.000005 86.607845 6.321918 0.733702 
-2.000000 955.044167 0.020000 -2.000006 85.500275 6.335469 0.731457 
-2.000000 929.911425 0.020000 -2.000006 84.385873 6.343600 0.729111 
-2.000000 904.778684 0.020000 -2.000006 83.263512 6.366636 0.726656 
-2.000000 879.645943 0.020000 -2.000006 82.135283 6.374766 0.724082 
-2.000000 854.513202 0.020000 -2.000006 80.999845 6.363926 0.721380 
-2.000000 829.380461 0.020000 -2.000007 79.856752 6.346310 0.718538 
-2.000000 804.247719 0.020000 -2.000007 78.706126 6.319208 0.715544 
-2.000000 779.114978 0.020000 -2.000007 77.547402 6.278556 0.712384 
-2.000000 753.982237 0.020000 -2.000007 76.380605 6.222998 0.709042 
-2.000000 728.849496 0.020000 -2.000007 75.205098 6.172861 0.705500 
-2.000000 703.716754 0.020000 -2.000008 74.020847 6.105107 0.701737 
-2.000000 678.584013 0.020000 -2.000008 72.827574 6.025158 0.697730 
-2.000000 653.451272 0.020000 -2.000009 71.624790 5.945209 0.693452 
-2.000000 628.318531 0.020000 -2.000009 70.412347 5.866615 0.688873 
-2.000000 603.185789 0.020000 -2.000009 69.189587 5.769050 0.683955 
-2.000000 578.053048 0.020000 -2.000010 67.956086 5.675550 0.678656 
-2.000000 552.920307 0.020000 -2.000010 66.711424 5.565789 0.672928 
-2.000000 527.787566 0.020000 -2.000011 65.454751 5.462804 0.666712 
-2.000000 502.654825 0.020000 -2.000011 64.185771 5.346268 0.659937 
-2.000000 1231.504320 0.022000 -2.000004 93.071680 7.857213 0.758757 
-2.000000 1206.371579 0.022000 -2.000004 92.052171 7.700025 0.757301 
-2.000000 1181.238838 0.022000 -2.000004 91.026898 7.541482 0.755796 
-2.000000 1156.106097 0.022000 -2.000004 89.995707 7.389714 0.754241 
-2.000000 1130.973355 0.022000 -2.000005 88.958472 7.237946 0.752631 
-2.000000 1105.840614 0.022000 -2.000005 87.915192 7.083468 0.750963 
-2.000000 1080.707873 0.022000 -2.000005 86.865605 6.941186 0.749234 
-2.000000 1055.575132 0.022000 -2.000005 85.808438 6.804323 0.747439 
-2.000000 1030.442390 0.022000 -2.000005 84.746397 6.683722 0.745574 
-2.000000 1005.309649 0.022000 -2.000005 83.677847 6.569896 0.743634 
-2.000000 980.176908 0.022000 -2.000005 82.602537 6.469621 0.741613 
-2.000000 955.044167 0.022000 -2.000005 81.520481 6.386962 0.739506 
-2.000000 929.911425 0.022000 -2.000005 80.431405 6.332759 0.737305 
-2.000000 904.778684 0.022000 -2.000005 79.335291 6.294817 0.735003 
-2.000000 879.645943 0.022000 -2.000006 78.231951 6.286687 0.732592 
-2.000000 854.513202 0.022000 -2.000006 77.121003 6.292107 0.730062 
-2.000000 829.380461 0.022000 -2.000006 76.002383 6.304302 0.727404 
-2.000000 804.247719 0.022000 -2.000006 74.875946 6.316498 0.724607 
-2.000000 779.114978 0.022000 -2.000007 73.741453 6.311078 0.721656 
-2.000000 753.982237 0.022000 -2.000007 72.598627 6.304302 0.718538 
-2.000000 728.849496 0.022000 -2.000007 71.447326 6.267716 0.715236 
-2.000000 703.716754 0.022000 -2.000007 70.287283 6.224353 0.711731 
-2.000000 678.584013 0.022000 -2.000007 69.118029 6.163375 0.708001 
-2.000000 653.451272 0.022000 -2.000008 67.939540 6.107817 0.704022 
-2.000000 628.318531 0.022000 -2.000008 66.751187 6.034643 0.699765 
-2.000000 603.185789 0.022000 -2.000008 65.552608 5.942499 0.695198 
-2.000000 578.053048 0.022000 -2.000009 64.343504 5.850354 0.690280 
-2.000000 552.920307 0.022000 -2.000009 63.123259 5.758209 0.684967 
-2.000000 527.787566 0.022000 -2.000009 61.891488 5.653869 0.679205 
-2.000000 502.654825 0.022000 -2.000010 60.647307 5.535977 0.672928 
-2.000000 1231.504320 0.024000 -2.000003 89.414861 8.527973 0.764728 
-2.000000 1206.371579 0.024000 -2.000003 88.420049 8.354524 0.763338 
-2.000000 1181.238838 0.024000 -2.000004 87.419246 8.184689 0.761903 
-2.000000 1156.106097 0.024000 -2.000004 86.412484 8.008529 0.760420 
-2.000000 1130.973355 0.024000 -2.000004 85.399639 7.834177 0.758887 
-2.000000 1105.840614 0.024000 -2.000004 84.380583 7.663438 0.757301 
-2.000000 1080.707873 0.024000 -2.000004 83.355194 7.487279 0.755657 
-2.000000 1055.575132 0.024000 -2.000004 82.323444 7.323315 0.753952 
-2.000000 1030.442390 0.024000 -2.000005 81.284984 7.166127 0.752182 
-2.000000 1005.309649 0.024000 -2.000005 80.239844 7.004874 0.750342 
-2.000000 980.176908 0.024000 -2.000005 79.187927 6.853106 0.748427 
-2.000000 955.044167 0.024000 -2.000005 78.129020 6.717599 0.746431 
-2.000000 929.911425 0.024000 -2.000005 77.063063 6.587512 0.744349 
-2.000000 904.778684 0.024000 -2.000005 75.989843 6.473686 0.742173 
-2.000000 879.645943 0.024000 -2.000005 74.909224 6.380186 0.739896 
-2.000000 854.513202 0.024000 -2.000005 73.821036 6.308368 0.737509 
-2.000000 829.380461 0.024000 -2.000006 72.725098 6.255520 0.735003 
-2.000000 804.247719 0.024000 -2.000006 71.621180 6.244679 0.732367 
-2.000000 779.114978 0.024000 -2.000006 70.509084 6.251455 0.729589 
-2.000000 753.982237 0.024000 -2.000006 69.388687 6.265005 0.726656 
-2.000000 728.849496 0.024000 -2.000006 68.259633 6.271781 0.723552 
-2.000000 703.716754 0.024000 -2.000007 67.121713 6.271781 0.720260 
-2.000000 678.584013 0.024000 -2.000007 65.974676 6.243324 0.716761 
-2.000000 653.451272 0.024000 -2.000007 64.818182 6.206737 0.713030 
-2.000000 628.318531 0.024000 -2.000007 63.651807 6.151180 0.709042 
-2.000000 603.185789 0.024000 -2.000008 62.475403 6.084781 0.704765 
-2.000000 578.053048 0.024000 -2.000008 61.288321 6.004832 0.700165 
-2.000000 552.920307 0.024000 -2.000008 60.090244 5.912687 0.695198 
-2.000000 527.787566 0.024000 -2.000009 58.880574 5.815122 0.689814 
-2.000000 502.654825 0.024000 -2.000009 57.658868 5.709427 0.683955 
-2.000000 1231.504320 0.026000 -1.999997 86.233511 9.181117 0.769990 
-2.000000 1206.371579 0.026000 -2.000000 85.261561 9.003603 0.768654 
-2.000000 1181.238838 0.026000 -2.000001 84.283595 8.819313 0.767276 
-2.000000 1156.106097 0.026000 -2.000002 83.299466 8.633669 0.765854 
-2.000000 1130.973355 0.026000 -2.000003 82.309170 8.449379 0.764384 
-2.000000 1105.840614 0.026000 -2.000004 81.312491 8.257862 0.762865 
-2.000000 1080.707873 0.026000 -2.000004 80.309441 8.075380 0.761291 
-2.000000 1055.575132 0.026000 -2.000004 79.299815 7.889283 0.759660 
-2.000000 1030.442390 0.026000 -2.000004 78.283502 7.703187 0.757969 
-2.000000 1005.309649 0.026000 -2.000004 77.260413 7.518446 0.756212 
-2.000000 980.176908 0.026000 -2.000004 76.230387 7.338221 0.754384 
-2.000000 955.044167 0.026000 -2.000005 75.193244 7.159352 0.752482 
-2.000000 929.911425 0.026000 -2.000005 74.148959 6.989968 0.750498 
-2.000000 904.778684 0.026000 -2.000005 73.097247 6.831425 0.748427 
-2.000000 879.645943 0.026000 -2.000005 72.038056 6.682367 0.746261 
-2.000000 854.513202 0.026000 -2.000005 70.971152 6.541440 0.743993 
-2.000000 829.380461 0.026000 -2.000005 69.896338 6.427614 0.741613 
-2.000000 804.247719 0.026000 -2.000005 68.813466 6.324629 0.739113 
-2.000000 779.114978 0.026000 -2.000006 67.722366 6.250100 0.736480 
-2.000000 753.982237 0.026000 -2.000006 66.622745 6.217578 0.733702 
-2.000000 728.849496 0.026000 -2.000006 65.514391 6.208092 0.730764 
-2.000000 703.716754 0.026000 -2.000006 64.397096 6.212158 0.727652 
-2.000000 678.584013 0.026000 -2.000006 63.270534 6.225708 0.724345 
-2.000000 653.451272 0.026000 -2.000007 62.134472 6.221643 0.720823 
-2.000000 628.318531 0.026000 -2.000007 60.988503 6.210803 0.717061 
-2.000000 603.185789 0.026000 -2.000007 59.832314 6.168795 0.713030 
-2.000000 578.053048 0.026000 -2.000007 58.665601 6.109172 0.708697 
-2.000000 552.920307 0.026000 -2.000008 57.487845 6.029223 0.704022 
-2.000000 527.787566 0.026000 -2.000008 56.298459 5.943854 0.698959 
-2.000000 502.654825 0.026000 -2.000009 55.097093 5.851709 0.693452 
-2.000000 1231.504320 0.028000 -1.999979 83.427904 9.796319 0.774686 
-2.000000 1206.371579 0.028000 -1.999987 82.477533 9.612933 0.773395 
-2.000000 1181.238838 0.028000 -1.999992 81.521057 9.422320 0.772065 
-2.000000 1156.106097 0.028000 -1.999996 80.558379 9.232610 0.770692 
-2.000000 1130.973355 0.028000 -1.999999 79.589374 9.044255 0.769276 
-2.000000 1105.840614 0.028000 -2.000001 78.613942 8.845060 0.767811 
-2.000000 1080.707873 0.028000 -2.000002 77.631949 8.651285 0.766297 
-2.000000 1055.575132 0.028000 -2.000003 76.643315 8.448024 0.764728 
-2.000000 1030.442390 0.028000 -2.000003 75.647853 8.254249 0.763102 
-2.000000 1005.309649 0.028000 -2.000004 74.645508 8.049182 0.761414 
-2.000000 980.176908 0.028000 -2.000004 73.636092 7.849535 0.759660 
-2.000000 955.044167 0.028000 -2.000004 72.619496 7.652598 0.757836 
-2.000000 929.911425 0.028000 -2.000004 71.595539 7.459274 0.755935 
-2.000000 904.778684 0.028000 -2.000004 70.564139 7.273178 0.753952 
-2.000000 879.645943 0.028000 -2.000005 69.525099 7.080758 0.751880 
-2.000000 854.513202 0.028000 -2.000005 68.478212 6.901889 0.749712 
-2.000000 829.380461 0.028000 -2.000005 67.423333 6.731150 0.747439 
-2.000000 804.247719 0.028000 -2.000005 66.360271 6.583447 0.745053 
-2.000000 779.114978 0.028000 -2.000005 65.288768 6.438454 0.742542 
-2.000000 753.982237 0.028000 -2.000005 64.208710 6.335469 0.739896 
-2.000000 728.849496 0.028000 -2.000006 63.119814 6.241969 0.737100 
-2.000000 703.716754 0.028000 -2.000006 62.021810 6.187766 0.734139 
-2.000000 678.584013 0.028000 -2.000006 60.914471 6.170150 0.730996 
-2.000000 653.451272 0.028000 -2.000006 59.797481 6.174216 0.727652 
-2.000000 628.318531 0.028000 -2.000006 58.670535 6.190477 0.724082 
-2.000000 603.185789 0.028000 -2.000007 57.533289 6.186411 0.720260 
-2.000000 578.053048 0.028000 -2.000007 56.385404 6.164730 0.716156 
-2.000000 552.920307 0.028000 -2.000007 55.226411 6.117303 0.711731 
-2.000000 527.787566 0.028000 -2.000008 54.055884 6.045484 0.706942 
-2.000000 502.654825 0.028000 -2.000008 52.873198 5.966890 0.701737 
-2.000000 1231.504320 0.030000 -1.999934 80.927184 10.388937 0.778921 
-2.000000 1206.371579 0.030000 -1.999952 79.997255 10.193806 0.777668 
-2.000000 1181.238838 0.030000 -1.999966 79.061121 10.003193 0.776378 
-2.000000 1156.106097 0.030000 -1.999977 78.118688 9.807160 0.775047 
-2.000000 1130.973355 0.030000 -1.999985 77.169857 9.607513 0.773675 
-2.000000 1105.840614 0.030000 -1.999991 76.214485 9.407866 0.772257 
-2.000000 1080.707873 0.030000 -1.999995 75.252474 9.200088 0.770792 
-2.000000 1055.575132 0.030000 -1.999998 74.283695 8.994117 0.769276 
-2.000000 1030.442390 0.030000 -2.000001 73.308001 8.792212 0.767705 
-2.000000 1005.309649 0.030000 -2.000002 72.325301 8.579466 0.766076 
-2.000000 980.176908 0.030000 -2.000003 71.335437 8.378915 0.764384 
-2.000000 955.044167 0.030000 -2.000004 70.338273 8.159394 0.762626 
-2.000000 929.911425 0.030000 -2.000004 69.333676 7.953423 0.760796 
-2.000000 904.778684 0.030000 -2.000004 68.321475 7.738419 0.758887 
-2.000000 879.645943 0.030000 -2.000004 67.301494 7.527028 0.756895 
-2.000000 854.513202 0.030000 -2.000004 66.273557 7.321057 0.754812 
-2.000000 829.380461 0.030000 -2.000005 65.237487 7.120507 0.752631 
-2.000000 804.247719 0.030000 -2.000005 64.193118 6.931700 0.750342 
-2.000000 779.114978 0.030000 -2.000005 63.140243 6.747411 0.747936 
-2.000000 753.982237 0.030000 -2.000005 62.078621 6.576672 0.745401 
-2.000000 728.849496 0.030000 -2.000005 61.008062 6.434389 0.742726 
-2.000000 703.716754 0.030000 -2.000005 59.928271 6.313788 0.739896 
-2.000000 678.584013 0.030000 -2.000006 58.839006 6.216223 0.736894 
-2.000000 653.451272 0.030000 -2.000006 57.740048 6.160665 0.733702 
-2.000000 628.318531 0.030000 -2.000006 56.630955 6.144404 0.730297 
-2.000000 603.185789 0.030000 -2.000006 55.511516 6.151180 0.726656 
-2.000000 578.053048 0.030000 -2.000007 54.381262 6.155245 0.722748 
-2.000000 552.920307 0.030000 -2.000007 53.239860 6.147114 0.718538 
-2.000000 527.787566 0.030000 -2.000007 52.086864 6.107817 0.713986 
-2.000000 502.654825 0.030000 -2.000008 50.921711 6.042774 0.709042 
-2.000000 1231.504320 0.032000 -1.999839 78.677916 10.967100 0.782775 
-2.000000 1206.371579 0.032000 -1.999878 77.767345 10.760226 0.781555 
-2.000000 1181.238838 0.032000 -1.999908 76.850482 10.559676 0.780298 
-2.000000 1156.106097 0.032000 -1.999933 75.927224 10.358222 0.779003 
-2.000000 1130.973355 0.032000 -1.999952 74.997490 10.150444 0.777668 
-2.000000 1105.840614 0.032000 -1.999967 74.061144 9.943570 0.776290 
-2.000000 1080.707873 0.032000 -1.999978 73.118059 9.735793 0.774867 
-2.000000 1055.575132 0.032000 -1.999986 72.168140 9.528015 0.773395 
-2.000000 1030.442390 0.032000 -1.999992 71.211237 9.312107 0.771871 
-2.000000 1005.309649 0.032000 -1.999997 70.247215 9.095748 0.770292 
-2.000000 980.176908 0.032000 -2.000000 69.275927 8.883002 0.768654 
-2.000000 955.044167 0.032000 -2.000001 68.297253 8.664835 0.766952 
-2.000000 929.911425 0.032000 -2.000003 67.310987 8.433118 0.765182 
-2.000000 904.778684 0.032000 -2.000003 66.316991 8.217662 0.763338 
-2.000000 879.645943 0.032000 -2.000004 65.315135 7.992720 0.761414 
-2.000000 854.513202 0.032000 -2.000004 64.305224 7.764617 0.759404 
-2.000000 829.380461 0.032000 -2.000004 63.287064 7.544192 0.757301 
-2.000000 804.247719 0.032000 -2.000004 62.260485 7.326477 0.755096 
-2.000000 779.114978 0.032000 -2.000004 61.225255 7.106053 0.752780 
-2.000000 753.982237 0.032000 -2.000005 60.181174 6.912729 0.750342 
-2.000000 728.849496 0.032000 -2.000005 59.127987 6.717599 0.747771 
-2.000000 703.716754 0.032000 -2.000005 58.065478 6.541440 0.745053 
-2.000000 678.584013 0.032000 -2.000005 56.993362 6.391027 0.742173 
-2.000000 653.451272 0.032000 -2.000005 55.911390 6.255520 0.739113 
-2.000000 628.318531 0.032000 -2.000006 54.819244 6.171506 0.735852 
-2.000000 603.185789 0.032000 -2.000006 53.716579 6.122723 0.732367 
-2.000000 578.053048 0.032000 -2.000006 52.603050 6.114593 0.728629 
-2.000000 552.920307 0.032000 -2.000006 51.478238 6.122723 0.724607 
-2.000000 527.787566 0.032000 -2.000007 50.341710 6.115948 0.720260 
-2.000000 502.654825 0.032000 -2.000007 49.193017 6.091556 0.715544 
-2.000000 1231.504320 0.034000 -1.999663 76.638747 11.515452 0.786311 
-2.000000 1206.371579 0.034000 -1.999736 75.746560 11.306771 0.785117 
-2.000000 1181.238838 0.034000 -1.999796 74.848007 11.102607 0.783889 
-2.000000 1156.106097 0.034000 -1.999845 73.943013 10.891216 0.782625 
-2.000000 1130.973355 0.034000 -1.999884 73.031456 10.682535 0.781322 
-2.000000 1105.840614 0.034000 -1.999915 72.113197 10.468434 0.779978 
-2.000000 1080.707873 0.034000 -1.999940 71.188137 10.248913 0.778590 
-2.000000 1055.575132 0.034000 -1.999958 70.256131 10.034812 0.777156 
-2.000000 1030.442390 0.034000 -1.999972 69.317062 9.810773 0.775673 
-2.000000 1005.309649 0.034000 -1.999983 68.370785 9.594865 0.774137 
-2.000000 980.176908 0.034000 -1.999990 67.417173 9.370827 0.772545 
-2.000000 955.044167 0.034000 -1.999995 66.456044 9.142272 0.770891 
-2.000000 929.911425 0.034000 -1.999999 65.487270 8.914620 0.769173 
-2.000000 904.778684 0.034000 -2.000001 64.510687 8.687871 0.767384 
-2.000000 879.645943 0.034000 -2.000002 63.526106 8.442604 0.765519 
-2.000000 854.513202 0.034000 -2.000003 62.533369 8.214952 0.763573 
-2.000000 829.380461 0.034000 -2.000004 61.532247 7.975104 0.761537 
-2.000000 804.247719 0.034000 -2.000004 60.522594 7.737967 0.759404 
-2.000000 779.114978 0.034000 -2.000004 59.504169 7.505347 0.757166 
-2.000000 753.982237 0.034000 -2.000004 58.476778 7.273178 0.754812 
-2.000000 728.849496 0.034000 -2.000004 57.440183 7.050946 0.752332 
-2.000000 703.716754 0.034000 -2.000005 56.394155 6.838652 0.749712 
-2.000000 678.584013 0.034000 -2.000005 55.338385 6.640360 0.746938 
-2.000000 653.451272 0.034000 -2.000005 54.272602 6.465556 0.743993 
-2.000000 628.318531 0.034000 -2.000005 53.196507 6.302947 0.740857 
-2.000000 603.185789 0.034000 -2.000005 52.109772 6.186411 0.737509 
-2.000000 578.053048 0.034000 -2.000005 51.012092 6.107817 0.733921 
-2.000000 552.920307 0.034000 -2.000006 49.903022 6.078006 0.730062 
-2.000000 527.787566 0.034000 -2.000006 48.782089 6.088846 0.725897 
-2.000000 502.654825 0.034000 -2.000007 47.648903 6.084781 0.721380 
-2.000000 1231.504320 0.036000 -1.999366 74.777177 12.053867 0.789577 
-2.000000 1206.371579 0.036000 -1.999492 73.902505 11.837959 0.788406 
-2.000000 1181.238838 0.036000 -1.999598 73.021417 11.624761 0.787202 
-2.000000 1156.106097 0.036000 -1.999686 72.133815 11.405240 0.785964 
-2.000000 1130.973355 0.036000 -1.999758 71.239571 11.188428 0.784688 
-2.000000 1105.840614 0.036000 -1.999817 70.338573 10.972520 0.783373 
-2.000000 1080.707873 0.036000 -1.999864 69.430706 10.747579 0.782016 
-2.000000 1055.575132 0.036000 -1.999901 68.515791 10.519927 0.780615 
-2.000000 1030.442390 0.036000 -1.999930 67.593743 10.297695 0.779167 
-2.000000 1005.309649 0.036000 -1.999952 66.664405 10.065526 0.777668 
-2.000000 980.176908 0.036000 -1.999969 65.727639 9.837875 0.776115 
-2.000000 955.044167 0.036000 -1.999981 64.783295 9.603899 0.774504 
-2.000000 929.911425 0.036000 -1.999989 63.831164 9.370827 0.772830 
-2.000000 904.778684 0.036000 -1.999995 62.871172 9.134141 0.771089 
-2.000000 879.645943 0.036000 -1.999998 61.903064 8.892939 0.769276 
-2.000000 854.513202 0.036000 -2.000001 60.926713 8.644509 0.767384 
-2.000000 829.380461 0.036000 -2.000002 59.941901 8.399241 0.765407 
-2.000000 804.247719 0.036000 -2.000003 58.948443 8.160749 0.763338 
-2.000000 779.114978 0.036000 -2.000004 57.946104 7.914126 0.761168 
-2.000000 753.982237 0.036000 -2.000004 56.934644 7.663438 0.758887 
-2.000000 728.849496 0.036000 -2.000004 55.913879 7.408685 0.756486 
-2.000000 703.716754 0.036000 -2.000004 54.883529 7.171999 0.753952 
-2.000000 678.584013 0.036000 -2.000005 53.843357 6.937120 0.751271 
-2.000000 653.451272 0.036000 -2.000005 52.793068 6.723923 0.748427 
-2.000000 628.318531 0.036000 -2.000005 51.732342 6.529244 0.745401 
-2.000000 603.185789 0.036000 -2.000005 50.660857 6.355795 0.742173 
-2.000000 578.053048 0.036000 -2.000005 49.578223 6.206737 0.738716 
-2.000000 552.920307 0.036000 -2.000006 48.484117 6.109172 0.735003 
-2.000000 527.787566 0.036000 -2.000006 47.378069 6.054969 0.730996 
-2.000000 502.654825 0.036000 -2.000006 46.259636 6.049549 0.726656 
-2.000000 1231.504320 0.038000 -1.998903 73.067300 12.575117 0.792610 
-2.000000 1206.371579 0.038000 -1.999105 72.209344 12.353789 0.791459 
-2.000000 1181.238838 0.038000 -1.999278 71.344934 12.137881 0.790277 
-2.000000 1156.106097 0.038000 -1.999425 70.473947 11.908422 0.789060 
-2.000000 1130.973355 0.038000 -1.999547 69.596261 11.688901 0.787808 
-2.000000 1105.840614 0.038000 -1.999649 68.711747 11.459442 0.786519 
-2.000000 1080.707873 0.038000 -1.999732 67.820295 11.226370 0.785189 
-2.000000 1055.575132 0.038000 -1.999799 66.921746 10.997815 0.783816 
-2.000000 1030.442390 0.038000 -1.999852 66.015996 10.765646 0.782398 
-2.000000 1005.309649 0.038000 -1.999894 65.102846 10.531671 0.780931 
-2.000000 980.176908 0.038000 -1.999926 64.182200 10.299502 0.779412 
-2.000000 955.044167 0.038000 -1.999950 63.253879 10.054686 0.777837 
-2.000000 929.911425 0.038000 -1.999968 62.317735 9.815290 0.776203 
-2.000000 904.778684 0.038000 -1.999981 61.373595 9.570474 0.774504 
-2.000000 879.645943 0.038000 -1.999989 60.421263 9.323851 0.772735 
-2.000000 854.513202 0.038000 -1.999995 59.460587 9.073615 0.770891 
-2.000000 829.380461 0.038000 -1.999999 58.491357 8.819765 0.768966 
-2.000000 804.247719 0.038000 -2.000001 57.513371 8.566819 0.766952 
-2.000000 779.114978 0.038000 -2.000003 56.526400 8.307097 0.764842 
-2.000000 753.982237 0.038000 -2.000004 55.530262 8.045568 0.762626 
-2.000000 728.849496 0.038000 -2.000004 54.524672 7.789460 0.760295 
-2.000000 703.716754 0.038000 -2.000004 53.509367 7.531996 0.757836 
-2.000000 678.584013 0.038000 -2.000004 52.484109 7.274081 0.755237 
-2.000000 653.451272 0.038000 -2.000005 51.448614 7.025652 0.752482 
-2.000000 628.318531 0.038000 -2.000005 50.402572 6.790773 0.749553 
-2.000000 603.185789 0.038000 -2.000005 49.345660 6.565831 0.746431 
-2.000000 578.053048 0.038000 -2.000005 48.277514 6.380186 0.743091 
-2.000000 552.920307 0.038000 -2.000005 47.197714 6.224353 0.739506 
-2.000000 527.787566 0.038000 -2.000005 46.105875 6.107817 0.735641 
-2.000000 502.654825 0.038000 -2.000006 45.001513 6.041419 0.731457 
-2.000000 1231.504320 0.040000 -1.998222 71.488289 13.090044 0.795443 
-2.000000 1206.371579 0.040000 -1.998529 70.646325 12.861489 0.794309 
-2.000000 1181.238838 0.040000 -1.998795 69.797849 12.632030 0.793145 
-2.000000 1156.106097 0.040000 -1.999024 68.942763 12.403475 0.791948 
-2.000000 1130.973355 0.040000 -1.999218 68.080905 12.174016 0.790716 
-2.000000 1105.840614 0.040000 -1.999381 67.212178 11.932814 0.789448 
-2.000000 1080.707873 0.040000 -1.999517 66.336439 11.700645 0.788141 
-2.000000 1055.575132 0.040000 -1.999629 65.453567 11.466669 0.786793 
-2.000000 1030.442390 0.040000 -1.999720 64.563394 11.226370 0.785401 
-2.000000 1005.309649 0.040000 -1.999793 63.665776 10.981554 0.783962 
-2.000000 980.176908 0.040000 -1.999850 62.760600 10.740352 0.782473 
-2.000000 955.044167 0.040000 -1.999894 61.847655 10.494632 0.780931 
-2.000000 929.911425 0.040000 -1.999927 60.926800 10.245299 0.779330 
-2.000000 904.778684 0.040000 -1.999952 59.997876 9.992353 0.777668 
-2.000000 879.645943 0.040000 -1.999970 59.060688 9.739406 0.775939 
-2.000000 854.513202 0.040000 -1.999983 58.115043 9.486460 0.774137 
-2.000000 829.380461 0.040000 -1.999991 57.160767 9.228996 0.772257 
-2.000000 804.247719 0.040000 -1.999997 56.197615 8.966113 0.770292 
-2.000000 779.114978 0.040000 -2.000000 55.225415 8.695099 0.768235 
-2.000000 753.982237 0.040000 -2.000002 54.243915 8.429505 0.766076 
-2.000000 728.849496 0.040000 -2.000003 53.252871 8.162104 0.763806 
-2.000000 703.716754 0.040000 -2.000004 52.252050 7.891090 0.761414 
-2.000000 678.584013 0.040000 -2.000004 51.241128 7.609235 0.758887 
-2.000000 653.451272 0.040000 -2.000004 50.219835 7.339576 0.756212 
-2.000000 628.318531 0.040000 -2.000005 49.187876 7.082565 0.753370 
-2.000000 603.185789 0.040000 -2.000005 48.144920 6.830522 0.750342 
-2.000000 578.053048 0.040000 -2.000005 47.090596 6.595643 0.747106 
-2.000000 552.920307 0.040000 -2.000005 46.024554 6.387865 0.743634 
-2.000000 527.787566 0.040000 -2.000005 44.946323 6.214868 0.739896 
-2.000000 502.654825 0.040000 -2.000006 43.855444 6.091556 0.735852 
-2.000000 1231.504320 0.042000 -1.997271 70.023076 13.591420 0.798101 
-2.000000 1206.371579 0.042000 -1.997715 69.196430 13.353831 0.796982 
-2.000000 1181.238838 0.042000 -1.998104 68.363235 13.121662 0.795833 
-2.000000 1156.106097 0.042000 -1.998442 67.523360 12.884073 0.794653 
-2.000000 1130.973355 0.042000 -1.998733 66.676695 12.646484 0.793439 
-2.000000 1105.840614 0.042000 -1.998981 65.823101 12.401668 0.792190 
-2.000000 1080.707873 0.042000 -1.999191 64.962428 12.160465 0.790903 
-2.000000 1055.575132 0.042000 -1.999366 64.094580 11.914746 0.789577 
-2.000000 1030.442390 0.042000 -1.999511 63.219377 11.666316 0.788208 
-2.000000 1005.309649 0.042000 -1.999629 62.336657 11.420597 0.786793 
-2.000000 980.176908 0.042000 -1.999724 61.446302 11.171264 0.785331 
-2.000000 955.044167 0.042000 -1.999799 60.548134 10.917414 0.783816 
-2.000000 929.911425 0.042000 -1.999857 59.641981 10.664468 0.782246 
-2.000000 904.778684 0.042000 -1.999901 58.727682 10.407004 0.780615 
-2.000000 879.645943 0.042000 -1.999934 57.805019 10.149541 0.778921 
-2.000000 854.513202 0.042000 -1.999958 56.873845 9.883947 0.777156 
-2.000000 829.380461 0.042000 -1.999975 55.933918 9.622870 0.775317 
-2.000000 804.247719 0.042000 -1.999987 54.985052 9.349146 0.773395 
-2.000000 779.114978 0.042000 -1.999994 54.027040 9.075422 0.771384 
-2.000000 753.982237 0.042000 -1.999999 53.059617 8.798084 0.769276 
-2.000000 728.849496 0.042000 -2.000001 52.082563 8.523456 0.767060 
-2.000000 703.716754 0.042000 -2.000003 51.095605 8.236181 0.764728 
-2.000000 678.584013 0.042000 -2.000004 50.098484 7.961554 0.762266 
-2.000000 653.451272 0.042000 -2.000004 49.090887 7.678344 0.759660 
-2.000000 628.318531 0.042000 -2.000004 48.072479 7.396489 0.756895 
-2.000000 603.185789 0.042000 -2.000004 47.042944 7.120055 0.753952 
-2.000000 578.053048 0.042000 -2.000005 46.001944 6.854009 0.750809 
-2.000000 552.920307 0.042000 -2.000005 44.949061 6.601966 0.747439 
-2.000000 527.787566 0.042000 -2.000005 43.883898 6.385155 0.743814 
-2.000000 502.654825 0.042000 -2.000005 42.805998 6.202672 0.739896 
-2.000000 1231.504320 0.044000 -1.995997 68.656492 14.085569 0.800604 
-2.000000 1206.371579 0.044000 -1.996612 67.844445 13.838946 0.799498 
-2.000000 1181.238838 0.044000 -1.997157 67.025790 13.600454 0.798363 
-2.000000 1156.106097 0.044000 -1.997635 66.200450 13.350217 0.797197 
-2.000000 1130.973355 0.044000 -1.998051 65.368271 13.108111 0.795999 
-2.000000 1105.840614 0.044000 -1.998412 64.529135 12.862392 0.794766 
-2.000000 1080.707873 0.044000 -1.998720 63.682997 12.613962 0.793497 
-2.000000 1055.575132 0.044000 -1.998981 62.829638 12.361919 0.792190 
-2.000000 1030.442390 0.044000 -1.999200 61.968830 12.109876 0.790841 
-2.000000 1005.309649 0.044000 -1.999381 61.100483 11.848799 0.789448 
-2.000000 980.176908 0.044000 -1.999529 60.224425 11.596756 0.788008 
-2.000000 955.044167 0.044000 -1.999649 59.340519 11.336583 0.786519 
-2.000000 929.911425 0.044000 -1.999743 58.448499 11.074602 0.784975 
-2.000000 904.778684 0.044000 -1.999817 57.548250 10.814429 0.783373 
-2.000000 879.645943 0.044000 -1.999873 56.639611 10.540705 0.781709 
-2.000000 854.513202 0.044000 -1.999915 55.722353 10.275111 0.779978 
-2.000000 829.380461 0.044000 -1.999946 54.796261 10.001386 0.778173 
-2.000000 804.247719 0.044000 -1.999967 53.861137 9.727662 0.776290 
-2.000000 779.114978 0.044000 -1.999982 52.916748 9.452131 0.774321 
-2.000000 753.982237 0.044000 -1.999991 51.962907 9.163953 0.772257 
-2.000000 728.849496 0.044000 -1.999997 50.999262 8.880291 0.770091 
-2.000000 703.716754 0.044000 -2.000000 50.025646 8.593017 0.767811 
-2.000000 678.584013 0.044000 -2.000003 49.041681 8.304387 0.765407 
-2.000000 653.451272 0.044000 -2.000003 48.047189 7.996786 0.762865 
-2.000000 628.318531 0.044000 -2.000004 47.041714 7.701380 0.760168 
-2.000000 603.185789 0.044000 -2.000004 46.025078 7.408685 0.757301 
-2.000000 578.053048 0.044000 -2.000004 44.996895 7.125023 0.754241 
-2.000000 552.920307 0.044000 -2.000005 43.956695 6.844976 0.750963 
-2.000000 527.787566 0.044000 -2.000005 42.903968 6.585705 0.747439 
-2.000000 502.654825 0.044000 -2.000005 41.838457 6.362570 0.743634 
-2.000000 1231.504320 0.046000 -1.994348 67.379420 14.567071 0.802971 
-2.000000 1206.371579 0.046000 -1.995172 66.581491 14.316834 0.801876 
-2.000000 1181.238838 0.046000 -1.995907 65.776958 14.066598 0.800753 
-2.000000 1156.106097 0.046000 -1.996559 64.965673 13.811845 0.799600 
-2.000000 1130.973355 0.046000 -1.997134 64.147516 13.561608 0.798415 
-2.000000 1105.840614 0.046000 -1.997635 63.322337 13.303242 0.797197 
-2.000000 1080.707873 0.046000 -1.998069 62.489999 13.053005 0.795944 
-2.000000 1055.575132 0.046000 -1.998442 61.650384 12.794638 0.794653 
-2.000000 1030.442390 0.046000 -1.998758 60.803295 12.536272 0.793321 
-2.000000 1005.309649 0.046000 -1.999024 59.948621 12.270678 0.791948 
-2.000000 980.176908 0.046000 -1.999244 59.086229 12.004181 0.790528 
-2.000000 955.044167 0.046000 -1.999425 58.215812 11.738587 0.789060 
-2.000000 929.911425 0.046000 -1.999570 57.337475 11.473896 0.787540 
-2.000000 904.778684 0.046000 -1.999686 56.450846 11.205592 0.785964 
-2.000000 879.645943 0.046000 -1.999776 55.555690 10.931868 0.784327 
-2.000000 854.513202 0.046000 -1.999845 54.651826 10.658144 0.782625 
-2.000000 829.380461 0.046000 -1.999896 53.739126 10.377193 0.780852 
-2.000000 804.247719 0.046000 -1.999933 52.817272 10.090821 0.779003 
-2.000000 779.114978 0.046000 -1.999959 51.886081 9.808966 0.777071 
-2.000000 753.982237 0.046000 -1.999977 50.945279 9.518981 0.775047 
-2.000000 728.849496 0.046000 -1.999989 49.994699 9.229900 0.772925 
-2.000000 703.716754 0.046000 -1.999996 49.033992 8.930881 0.770692 
-2.000000 678.584013 0.046000 -2.000000 48.062913 8.627345 0.768340 
-2.000000 653.451272 0.046000 -2.000002 47.081119 8.324713 0.765854 
-2.000000 628.318531 0.046000 -2.000003 46.088299 8.018467 0.763220 
-2.000000 603.185789 0.046000 -2.000004 45.084169 7.709511 0.760420 
-2.000000 578.053048 0.046000 -2.000004 44.068267 7.404168 0.757435 
-2.000000 552.920307 0.046000 -2.000004 43.040314 7.102439 0.754241 
-2.000000 527.787566 0.046000 -2.000005 41.999810 6.822391 0.750809 
-2.000000 502.654825 0.046000 -2.000005 40.946289 6.551377 0.747106 
-2.000000 1231.504320 0.048000 -1.992274 66.180508 15.036828 0.805216 
-2.000000 1206.371579 0.048000 -1.993346 65.396158 14.782075 0.804131 
-2.000000 1181.238838 0.048000 -1.994310 64.605163 14.522805 0.803018 
-2.000000 1156.106097 0.048000 -1.995172 63.807388 14.268052 0.801876 
-2.000000 1130.973355 0.048000 -1.995937 63.002694 14.009685 0.800703 
-2.000000 1105.840614 0.048000 -1.996612 62.190945 13.750415 0.799498 
-2.000000 1080.707873 0.048000 -1.997203 61.372046 13.479401 0.798258 
-2.000000 1055.575132 0.048000 -1.997715 60.545762 13.217420 0.796982 
-2.000000 1030.442390 0.048000 -1.998155 59.712030 12.950020 0.795666 
-2.000000 1005.309649 0.048000 -1.998529 58.870669 12.684426 0.794309 
-2.000000 980.176908 0.048000 -1.998844 58.021466 12.414315 0.792908 
-2.000000 955.044167 0.048000 -1.999105 57.164262 12.143301 0.791459 
-2.000000 929.911425 0.048000 -1.999319 56.298912 11.865060 0.789960 
-2.000000 904.778684 0.048000 -1.999492 55.425217 11.585916 0.788406 
-2.000000 879.645943 0.048000 -1.999629 54.542994 11.313095 0.786793 
-2.000000 854.513202 0.048000 -1.999736 53.651987 11.025820 0.785117 
-2.000000 829.380461 0.048000 -1.999817 52.752094 10.743965 0.783373 
-2.000000 804.247719 0.048000 -1.999878 51.843075 10.457594 0.781555 
-2.000000 779.114978 0.048000 -1.999922 50.924644 10.160381 0.779655 
-2.000000 753.982237 0.048000 -1.999952 49.996538 9.865879 0.777668 
-2.000000 728.849496 0.048000 -1.999973 49.058493 9.571377 0.775584 
-2.000000 703.716754 0.048000 -1.999987 48.110255 9.263325 0.773395 
-2.000000 678.584013 0.048000 -1.999995 47.151596 8.957982 0.771089 
-2.000000 653.451272 0.048000 -2.000000 46.182108 8.646316 0.768654 
-2.000000 628.318531 0.048000 -2.000002 45.201488 8.326519 0.766076 
-2.000000 603.185789 0.048000 -2.000003 44.209393 8.008981 0.763338 
-2.000000 578.053048 0.048000 -2.000004 43.205514 7.694605 0.760420 
-2.000000 552.920307 0.048000 -2.000004 42.189366 7.372550 0.757301 
-2.000000 527.787566 0.048000 -2.000004 41.160596 7.063594 0.753952 
-2.000000 502.654825 0.048000 -2.000005 40.118656 6.767285 0.750342 
-2.000000 1231.504320 0.050000 -1.989734 65.051862 15.504779 0.807351 
-2.000000 1206.371579 0.050000 -1.991091 64.280626 15.242799 0.806275 
-2.000000 1181.238838 0.050000 -1.992321 63.502712 14.979012 0.805171 
-2.000000 1156.106097 0.050000 -1.993430 62.717998 14.710708 0.804039 
-2.000000 1130.973355 0.050000 -1.994423 61.926363 14.447824 0.802877 
-2.000000 1105.840614 0.050000 -1.995306 61.127449 14.177714 0.801683 
-2.000000 1080.707873 0.050000 -1.996085 60.321436 13.904893 0.800455 
-2.000000 1055.575132 0.050000 -1.996768 59.507517 13.639299 0.799191 
-2.000000 1030.442390 0.050000 -1.997360 58.686615 13.367382 0.797890 
-2.000000 1005.309649 0.050000 -1.997870 57.858015 13.091851 0.796548 
-2.000000 980.176908 0.050000 -1.998303 57.021604 12.813609 0.795162 
-2.000000 955.044167 0.050000 -1.998667 56.177125 12.530851 0.793731 
-2.000000 929.911425 0.050000 -1.998970 55.324438 12.248093 0.792250 
-2.000000 904.778684 0.050000 -1.999218 54.463390 11.968949 0.790716 
-2.000000 879.645943 0.050000 -1.999418 53.593714 11.678964 0.789125 
-2.000000 854.513202 0.050000 -1.999576 52.715199 11.391689 0.787473 
-2.000000 829.380461 0.050000 -1.999699 51.827745 11.097187 0.785754 
-2.000000 804.247719 0.050000 -1.999793 50.930983 10.802685 0.783962 
-2.000000 779.114978 0.050000 -1.999862 50.024792 10.507279 0.782093 
-2.000000 753.982237 0.050000 -1.999912 49.108829 10.208261 0.780138 
-2.000000 728.849496 0.050000 -1.999947 48.182919 9.901111 0.778090 
-2.000000 703.716754 0.050000 -1.999970 47.246756 9.586735 0.775939 
-2.000000 678.584013 0.050000 -1.999985 46.300038 9.275972 0.773675 
-2.000000 653.451272 0.050000 -1.999994 45.342513 8.957982 0.771286 
-2.000000 628.318531 0.050000 -1.999999 44.373684 8.636379 0.768758 
-2.000000 603.185789 0.050000 -2.000002 43.393308 8.303935 0.766076 
-2.000000 578.053048 0.050000 -2.000003 42.400982 7.976008 0.763220 
-2.000000 552.920307 0.050000 -2.000004 41.396333 7.643112 0.760168 
-2.000000 527.787566 0.050000 -2.000004 40.378902 7.317895 0.756895 
-2.000000 502.654825 0.050000 -2.000005 39.348250 6.995840 0.753370 
-2.000000 1231.504320 0.052000 -1.986687 63.985196 15.964600 0.809389 
-2.000000 1206.371579 0.052000 -1.988368 63.226573 15.696296 0.808319 
-2.000000 1181.238838 0.052000 -1.989903 62.461246 15.427992 0.807224 
-2.000000 1156.106097 0.052000 -1.991296 61.689084 15.151558 0.806100 
-2.000000 1130.973355 0.052000 -1.992552 60.909956 14.879640 0.804947 
-2.000000 1105.840614 0.052000 -1.993678 60.123728 14.607723 0.803763 
-2.000000 1080.707873 0.052000 -1.994681 59.330247 14.324061 0.802546 
-2.000000 1055.575132 0.052000 -1.995566 58.529287 14.050337 0.801293 
-2.000000 1030.442390 0.052000 -1.996342 57.720737 13.770289 0.800004 
-2.000000 1005.309649 0.052000 -1.997015 56.904525 13.489338 0.798675 
-2.000000 980.176908 0.052000 -1.997594 56.079868 13.203870 0.797304 
-2.000000 955.044167 0.052000 -1.998086 55.247410 12.912981 0.795888 
-2.000000 929.911425 0.052000 -1.998500 54.406960 12.624803 0.794424 
-2.000000 904.778684 0.052000 -1.998844 53.558103 12.333011 0.792908 
-2.000000 879.645943 0.052000 -1.999124 52.700603 12.042123 0.791336 
-2.000000 854.513202 0.052000 -1.999350 51.834298 11.749427 0.789705 
-2.000000 829.380461 0.052000 -1.999529 50.958996 11.449505 0.788008 
-2.000000 804.247719 0.052000 -1.999668 50.074226 11.145969 0.786242 
-2.000000 779.114978 0.052000 -1.999773 49.179923 10.844240 0.784399 
-2.000000 753.982237 0.052000 -1.999850 48.275796 10.532574 0.782473 
-2.000000 728.849496 0.052000 -1.999905 47.361646 10.222715 0.780457 
-2.000000 703.716754 0.052000 -1.999943 46.437069 9.905628 0.778341 
-2.000000 678.584013 0.052000 -1.999969 45.501916 9.589445 0.776115 
-2.000000 653.451272 0.052000 -1.999985 44.555753 9.266035 0.773768 
-2.000000 628.318531 0.052000 -1.999994 43.598436 8.937204 0.771286 
-2.000000 603.185789 0.052000 -2.000000 42.629384 8.601147 0.768654 
-2.000000 578.053048 0.052000 -2.000002 41.648344 8.256959 0.765854 
-2.000000 552.920307 0.052000 -2.000004 40.654790 7.916385 0.762865 
-2.000000 527.787566 0.052000 -2.000004 39.648386 7.579424 0.759660 
-2.000000 502.654825 0.052000 -2.000004 38.628617 7.233881 0.756212 
-2.000000 1231.504320 0.054000 -1.983102 62.975066 16.426227 0.811337 
-2.000000 1206.371579 0.054000 -1.985145 62.228597 16.144373 0.810274 
-2.000000 1181.238838 0.054000 -1.987022 61.475422 15.863421 0.809185 
-2.000000 1156.106097 0.054000 -1.988735 60.715384 15.582470 0.808069 
-2.000000 1130.973355 0.054000 -1.990292 59.948361 15.305132 0.806924 
-2.000000 1105.840614 0.054000 -1.991697 59.174203 15.019664 0.805748 
-2.000000 1080.707873 0.054000 -1.992956 58.392773 14.736003 0.804541 
-2.000000 1055.575132 0.054000 -1.994078 57.603918 14.451438 0.803299 
-2.000000 1030.442390 0.054000 -1.995069 56.807456 14.163260 0.802020 
-2.000000 1005.309649 0.054000 -1.995937 56.003223 13.879598 0.800703 
-2.000000 980.176908 0.054000 -1.996690 55.190972 13.582386 0.799345 
-2.000000 955.044167 0.054000 -1.997338 54.370637 13.293304 0.797943 
-2.000000 929.911425 0.054000 -1.997888 53.542052 12.997899 0.796493 
-2.000000 904.778684 0.054000 -1.998350 52.704262 12.698880 0.794993 
-2.000000 879.645943 0.054000 -1.998732 51.858386 12.404378 0.793439 
-2.000000 854.513202 0.054000 -1.999044 51.003746 12.096325 0.791826 
-2.000000 829.380461 0.054000 -1.999294 50.139914 11.792790 0.790150 
-2.000000 804.247719 0.054000 -1.999491 49.266781 11.490157 0.788406 
-2.000000 779.114978 0.054000 -1.999644 48.384128 11.178491 0.786587 
-2.000000 753.982237 0.054000 -1.999758 47.491577 10.861405 0.784688 
-2.000000 728.849496 0.054000 -1.999842 46.588893 10.539801 0.782700 
-2.000000 703.716754 0.054000 -1.999901 45.675937 10.221811 0.780615 
-2.000000 678.584013 0.054000 -1.999942 44.752082 9.892981 0.778424 
-2.000000 653.451272 0.054000 -1.999969 43.816681 9.560537 0.776115 
-2.000000 628.318531 0.054000 -1.999985 42.870371 9.228996 0.773675 
-2.000000 603.185789 0.054000 -1.999995 41.912221 8.886615 0.771089 
-2.000000 578.053048 0.054000 -2.000000 40.942016 8.541524 0.768340 
-2.000000 552.920307 0.054000 -2.000003 39.959350 8.188302 0.765407 
-2.000000 527.787566 0.054000 -2.000004 38.963595 7.835984 0.762266 
-2.000000 502.654825 0.054000 -2.000004 37.954450 7.479149 0.758887 
-2.000000 1231.504320 0.056000 -1.978952 62.016122 16.882434 0.813204 
-2.000000 1206.371579 0.056000 -1.981394 61.281423 16.591546 0.812147 
-2.000000 1181.238838 0.056000 -1.983648 60.539978 16.303368 0.811064 
-2.000000 1156.106097 0.056000 -1.985719 59.791657 16.016996 0.809954 
-2.000000 1130.973355 0.056000 -1.987611 59.036332 15.723398 0.808816 
-2.000000 1105.840614 0.056000 -1.989330 58.273845 15.437929 0.807648 
-2.000000 1080.707873 0.056000 -1.990882 57.504068 15.144331 0.806449 
-2.000000 1055.575132 0.056000 -1.992274 56.726827 14.850732 0.805216 
-2.000000 1030.442390 0.056000 -1.993513 55.941984 14.558037 0.803947 
-2.000000 1005.309649 0.056000 -1.994608 55.149343 14.265342 0.802640 
-2.000000 980.176908 0.056000 -1.995566 54.348766 13.965419 0.801293 
-2.000000 955.044167 0.056000 -1.996397 53.539996 13.664594 0.799903 
-2.000000 929.911425 0.056000 -1.997110 52.722828 13.367382 0.798467 
-2.000000 904.778684 0.056000 -1.997715 51.897159 13.061136 0.796982 
-2.000000 879.645943 0.056000 -1.998221 51.062766 12.749469 0.795443 
-2.000000 854.513202 0.056000 -1.998640 50.218747 12.442320 0.793847 
-2.000000 829.380461 0.056000 -1.998980 49.366110 12.130654 0.792190 
-2.000000 804.247719 0.056000 -1.999252 48.504171 11.818084 0.790466 
-2.000000 779.114978 0.056000 -1.999465 47.632558 11.501901 0.788669 
-2.000000 753.982237 0.056000 -1.999628 46.751070 11.183008 0.786793 
-2.000000 728.849496 0.056000 -1.999750 45.859455 10.857791 0.784832 
-2.000000 703.716754 0.056000 -1.999839 44.957279 10.529864 0.782775 
-2.000000 678.584013 0.056000 -1.999901 44.044463 10.190193 0.780615 
-2.000000 653.451272 0.056000 -1.999943 43.120568 9.859556 0.778341 
-2.000000 628.318531 0.056000 -1.999969 42.185018 9.509948 0.775939 
-2.000000 603.185789 0.056000 -1.999986 41.237614 9.166663 0.773395 
-2.000000 578.053048 0.056000 -1.999995 40.277986 8.811635 0.770692 
-2.000000 552.920307 0.056000 -2.000000 39.305727 8.452993 0.767811 
-2.000000 527.787566 0.056000 -2.000002 38.320388 8.093447 0.764728 
-2.000000 502.654825 0.056000 -2.000004 37.320951 7.725771 0.761414 
-2.000000 1231.504320 0.058000 -1.974219 61.103728 17.344062 0.814997 
-2.000000 1206.371579 0.058000 -1.977092 60.380422 17.036913 0.813944 
-2.000000 1181.238838 0.058000 -1.979758 59.650347 16.739700 0.812867 
-2.000000 1156.106097 0.058000 -1.982220 58.913370 16.436165 0.811763 
-2.000000 1130.973355 0.058000 -1.984483 58.169373 16.145276 0.810631 
-2.000000 1105.840614 0.058000 -1.986551 57.418191 15.840837 0.809470 
-2.000000 1080.707873 0.058000 -1.988430 56.659684 15.541818 0.808278 
-2.000000 1055.575132 0.058000 -1.990127 55.893705 15.243703 0.807053 
-2.000000 1030.442390 0.058000 -1.991647 55.120089 14.942877 0.805793 
-2.000000 1005.309649 0.058000 -1.993000 54.338656 14.644761 0.804495 
-2.000000 980.176908 0.058000 -1.994195 53.549235 14.334902 0.803158 
-2.000000 955.044167 0.058000 -1.995239 52.751653 14.030463 0.801779 
-2.000000 929.911425 0.058000 -1.996143 51.945700 13.721507 0.800355 
-2.000000 904.778684 0.058000 -1.996918 51.131140 13.408937 0.798882 
-2.000000 879.645943 0.058000 -1.997573 50.307776 13.098174 0.797358 
-2.000000 854.513202 0.058000 -1.998121 49.475384 12.780184 0.795777 
-2.000000 829.380461 0.058000 -1.998571 48.633804 12.464001 0.794137 
-2.000000 804.247719 0.058000 -1.998936 47.782127 12.143301 0.792430 
-2.000000 779.114978 0.058000 -1.999226 46.921292 11.816278 0.790654 
-2.000000 753.982237 0.058000 -1.999452 46.050545 11.490157 0.788800 
-2.000000 728.849496 0.058000 -1.999623 45.169542 11.162230 0.786862 
-2.000000 703.716754 0.058000 -1.999750 44.278021 10.827076 0.784832 
-2.000000 678.584013 0.058000 -1.999841 43.375685 10.484695 0.782700 
-2.000000 653.451272 0.058000 -1.999904 42.462196 10.141410 0.780457 
-2.000000 628.318531 0.058000 -1.999946 41.537217 9.794512 0.778090 
-2.000000 603.185789 0.058000 -1.999972 40.600387 9.436774 0.775584 
-2.000000 578.053048 0.058000 -1.999988 39.651049 9.083552 0.772925 
-2.000000 552.920307 0.058000 -1.999996 38.688972 8.712263 0.770091 
-2.000000 527.787566 0.058000 -2.000000 37.713700 8.340973 0.767060 
-2.000000 502.654825 0.058000 -2.000002 36.724780 7.966071 0.763806 
-2.000000 1231.504320 0.060000 -1.968890 60.233774 17.817433 0.816722 
-2.000000 1206.371579 0.060000 -1.972224 59.521523 17.494023 0.815674 
-2.000000 1181.238838 0.060000 -1.975333 58.802474 17.172420 0.814601 
-2.000000 1156.106097 0.060000 -1.978220 58.076512 16.859850 0.813502 
-2.000000 1130.973355 0.060000 -1.980887 57.343491 16.558121 0.812375 
-2.000000 1105.840614 0.060000 -1.983337 56.603267 16.250068 0.811220 
-2.000000 1080.707873 0.060000 -1.985577 55.855692 15.942919 0.810034 
-2.000000 1055.575132 0.060000 -1.987611 55.100621 15.639383 0.808816 
-2.000000 1030.442390 0.060000 -1.989446 54.337886 15.323200 0.807564 
-2.000000 1005.309649 0.060000 -1.991091 53.567317 15.016954 0.806275 
-2.000000 980.176908 0.060000 -1.992552 52.788726 14.702578 0.804947 
-2.000000 955.044167 0.060000 -1.993840 52.001943 14.396332 0.803578 
-2.000000 929.911425 0.060000 -1.994965 51.206773 14.074728 0.802164 
-2.000000 904.778684 0.060000 -1.995937 50.403000 13.756739 0.800703 
-2.000000 879.645943 0.060000 -1.996767 49.590418 13.443266 0.799191 
-2.000000 854.513202 0.060000 -1.997468 48.768765 13.118952 0.797625 
-2.000000 829.380461 0.060000 -1.998051 47.937798 12.796445 0.795999 
-2.000000 804.247719 0.060000 -1.998529 47.097332 12.464905 0.794309 
-2.000000 779.114978 0.060000 -1.998913 46.246953 12.136074 0.792550 
-2.000000 753.982237 0.060000 -1.999217 45.386214 11.802727 0.790716 
-2.000000 728.849496 0.060000 -1.999452 44.515576 11.459442 0.788800 
-2.000000 703.716754 0.060000 -1.999629 43.634371 11.120675 0.786793 
-2.000000 678.584013 0.060000 -1.999758 42.742281 10.776487 0.784688 
-2.000000 653.451272 0.060000 -1.999849 41.838992 10.425975 0.782473 
-2.000000 628.318531 0.060000 -1.999911 40.924080 10.068237 0.780138 
-2.000000 603.185789 0.060000 -1.999952 39.997243 9.708691 0.777668 
-2.000000 578.053048 0.060000 -1.999976 39.058068 9.346436 0.775047 
-2.000000 552.920307 0.060000 -1.999991 38.105993 8.972436 0.772257 
-2.000000 527.787566 0.060000 -1.999998 37.140542 8.593920 0.769276 
-2.000000 502.654825 0.060000 -2.000001 36.161330 8.208177 0.766076 
-2.000000 1231.504320 0.062000 -1.962957 59.402857 18.334167 0.818385 
-2.000000 1206.371579 0.062000 -1.966781 58.701248 17.967394 0.817340 
-2.000000 1181.238838 0.062000 -1.970363 57.992856 17.622303 0.816271 
-2.000000 1156.106097 0.062000 -1.973703 57.277554 17.289859 0.815176 
-2.000000 1130.973355 0.062000 -1.976805 56.555182 16.970062 0.814054 
-2.000000 1105.840614 0.062000 -1.979669 55.825604 16.648459 0.812904 
-2.000000 1080.707873 0.062000 -1.982301 55.088643 16.334986 0.811724 
-2.000000 1055.575132 0.062000 -1.984706 54.344152 16.017899 0.810512 
-2.000000 1030.442390 0.062000 -1.986888 53.591980 15.707137 0.809267 
-2.000000 1005.309649 0.062000 -1.988856 52.831947 15.390954 0.807985 
-2.000000 980.176908 0.062000 -1.990617 52.063878 15.067543 0.806665 
-2.000000 955.044167 0.062000 -1.992180 51.287581 14.751360 0.805305 
-2.000000 929.911425 0.062000 -1.993555 50.502872 14.428853 0.803901 
-2.000000 904.778684 0.062000 -1.994753 49.709534 14.102733 0.802451 
-2.000000 879.645943 0.062000 -1.995785 48.907347 13.775710 0.800950 
-2.000000 854.513202 0.062000 -1.996665 48.096106 13.450493 0.799396 
-2.000000 829.380461 0.062000 -1.997404 47.275549 13.116242 0.797784 
-2.000000 804.247719 0.062000 -1.998016 46.445376 12.781088 0.796109 
-2.000000 779.114978 0.062000 -1.998515 45.605389 12.445030 0.794367 
-2.000000 753.982237 0.062000 -1.998914 44.755345 12.101746 0.792550 
-2.000000 728.849496 0.062000 -1.999226 43.894447 11.762978 0.790654 
-2.000000 703.716754 0.062000 -1.999465 43.023116 11.407950 0.788669 
-2.000000 678.584013 0.062000 -1.999644 42.141005 11.061052 0.786587 
-2.000000 653.451272 0.062000 -1.999772 41.247620 10.702410 0.784399 
-2.000000 628.318531 0.062000 -1.999861 40.342533 10.338347 0.782093 
-2.000000 603.185789 0.062000 -1.999921 39.425420 9.976092 0.779655 
-2.000000 578.053048 0.062000 -1.999959 38.495907 9.598479 0.777071 
-2.000000 552.920307 0.062000 -1.999981 37.553549 9.223576 0.774321 
-2.000000 527.787566 0.062000 -1.999993 36.597838 8.835122 0.771384 
-2.000000 502.654825 0.062000 -1.999999 35.628084 8.449379 0.768235 
-2.000000 1231.504320 0.064000 -1.956418 58.607699 18.937625 0.819991 
-2.000000 1206.371579 0.064000 -1.960757 57.916497 18.484128 0.818949 
-2.000000 1181.238838 0.064000 -1.964837 57.218467 18.092964 0.817883 
-2.000000 1156.106097 0.064000 -1.968660 56.513472 17.734322 0.816791 
-2.000000 1130.973355 0.064000 -1.972224 55.801407 17.391038 0.815674 
-2.000000 1105.840614 0.064000 -1.975533 55.082134 17.054980 0.814528 
-2.000000 1080.707873 0.064000 -1.978588 54.355472 16.726150 0.813353 
-2.000000 1055.575132 0.064000 -1.981394 53.621284 16.400933 0.812147 
-2.000000 1030.442390 0.064000 -1.983955 52.879365 16.081136 0.810907 
-2.000000 1005.309649 0.064000 -1.986277 52.129570 15.756823 0.809632 
-2.000000 980.176908 0.064000 -1.988369 51.371711 15.427992 0.808319 
-2.000000 955.044167 0.064000 -1.990237 50.605605 15.104582 0.806967 
-2.000000 929.911425 0.064000 -1.991892 49.831055 14.773945 0.805572 
-2.000000 904.778684 0.064000 -1.993345 49.047852 14.440597 0.804131 
-2.000000 879.645943 0.064000 -1.994608 48.255767 14.105443 0.802640 
-2.000000 854.513202 0.064000 -1.995692 47.454595 13.770289 0.801098 
-2.000000 829.380461 0.064000 -1.996612 46.644091 13.432425 0.799498 
-2.000000 804.247719 0.064000 -1.997382 45.823993 13.093657 0.797837 
-2.000000 779.114978 0.064000 -1.998016 44.994011 12.752180 0.796109 
-2.000000 753.982237 0.064000 -1.998529 44.153866 12.399861 0.794309 
-2.000000 728.849496 0.064000 -1.998936 43.303316 12.052060 0.792430 
-2.000000 703.716754 0.064000 -1.999252 42.442045 11.697935 0.790466 
-2.000000 678.584013 0.064000 -1.999492 41.569118 11.336583 0.788406 
-2.000000 653.451272 0.064000 -1.999667 40.685313 10.975230 0.786242 
-2.000000 628.318531 0.064000 -1.999792 39.789851 10.603941 0.783962 
-2.000000 603.185789 0.064000 -1.999877 38.882286 10.234459 0.781555 
-2.000000 578.053048 0.064000 -1.999933 37.962151 9.855039 0.779003 
-2.000000 552.920307 0.064000 -1.999966 37.029105 9.472909 0.776290 
-2.000000 527.787566 0.064000 -1.999986 36.082677 9.077228 0.773395 
-2.000000 502.654825 0.064000 -1.999996 35.122360 8.681548 0.770292 
