2.000000 0.996786 1.113641 2.059960 1.815394
3.000000 1.000145 1.209121 2.296360 1.602820
4.000000 0.993222 1.280664 2.449158 1.485746
5.000000 0.989914 1.339802 2.524851 1.410566
6.000000 0.968066 1.389474 2.565521 1.357737
7.000000 0.985849 1.432900 2.574125 1.318338
8.000000 0.978133 1.471424 2.572091 1.287689
9.000000 0.995528 1.505612 2.561945 1.263088
10.00000 0.990793 1.537544 2.539349 1.242841
11.00000 0.983486 1.567006 2.528956 1.225850
12.00000 0.983963 1.594755 2.504334 1.211363
13.00000 0.974848 1.620319 2.482981 1.198845
14.00000 0.968480 1.644341 2.469763 1.187905
15.00000 0.986839 1.666867 2.451697 1.178257
16.00000 0.981132 1.688324 2.438441 1.169670
17.00000 0.989186 1.707705 2.426811 1.161976
18.00000 0.985091 1.727121 2.425097 1.155034
19.00000 0.986184 1.745548 2.399624 1.148735
20.00000 0.986322 1.763290 2.406574 1.142992
