-1.000000 1231.504320 0.012000 -1.000012 67.247300 5.574823 0.689493 
-1.000000 1206.371579 0.012000 -1.000012 66.779780 5.542301 0.686424 
-1.000000 1181.238838 0.012000 -1.000012 66.309699 5.509779 0.683239 
-1.000000 1156.106097 0.012000 -1.000012 65.836747 5.471837 0.679930 
-1.000000 1130.973355 0.012000 -1.000013 65.360930 5.432089 0.676492 
-1.000000 1105.840614 0.012000 -1.000013 64.882185 5.392340 0.672914 
-1.000000 1080.707873 0.012000 -1.000013 64.400387 5.350785 0.669188 
-1.000000 1055.575132 0.012000 -1.000013 63.915591 5.303809 0.665303 
-1.000000 1030.442390 0.012000 -1.000014 63.427573 5.256833 0.661248 
-1.000000 1005.309649 0.012000 -1.000014 62.936306 5.209857 0.657011 
-1.000000 980.176908 0.012000 -1.000014 62.441833 5.159268 0.652579 
-1.000000 955.044167 0.012000 -1.000015 61.944306 5.105065 0.647937 
-1.000000 929.911425 0.012000 -1.000015 61.442143 5.050862 0.643069 
-1.000000 904.778684 0.012000 -1.000008 60.933252 4.994853 0.637955 
-1.000000 879.645943 0.012000 -1.000008 60.423383 4.938843 0.632577 
-1.000000 854.513202 0.012000 -1.000008 59.909469 4.879220 0.626912 
-1.000000 829.380461 0.012000 -1.000009 59.391361 4.814177 0.620936 
-1.000000 804.247719 0.012000 -1.000009 58.868883 4.750940 0.614619 
-1.000000 779.114978 0.012000 -1.000009 58.341852 4.687703 0.607931 
-1.000000 753.982237 0.012000 -1.000010 57.810056 4.620853 0.600836 
-1.000000 728.849496 0.012000 -1.000010 57.273275 4.549486 0.593293 
-1.000000 703.716754 0.012000 -1.000010 56.731249 4.482636 0.585258 
-1.000000 678.584013 0.012000 -1.000011 56.183699 4.404042 0.576678 
-1.000000 653.451272 0.012000 -1.000011 55.630312 4.324544 0.567493 
-1.000000 628.318531 0.012000 -1.000011 55.070723 4.250467 0.557633 
-1.000000 603.185789 0.012000 -1.000012 54.504534 4.165550 0.547019 
-1.000000 578.053048 0.012000 -1.000012 53.931304 4.082439 0.535556 
-1.000000 552.920307 0.012000 -1.000013 53.350489 4.002038 0.523135 
-1.000000 527.787566 0.012000 -1.000014 52.761501 3.907183 0.509625 
-1.000000 502.654825 0.012000 -1.000014 52.163644 3.824072 0.494873 
-1.000000 1231.504320 0.014000 -1.000010 60.826620 5.625412 0.710979 
-1.000000 1206.371579 0.014000 -1.000010 60.380039 5.619992 0.708247 
-1.000000 1181.238838 0.014000 -1.000010 59.930668 5.616378 0.705414 
-1.000000 1156.106097 0.014000 -1.000011 59.478442 5.601924 0.702473 
-1.000000 1130.973355 0.014000 -1.000011 59.023312 5.583857 0.699419 
-1.000000 1105.840614 0.014000 -1.000011 58.565238 5.565789 0.696243 
-1.000000 1080.707873 0.014000 -1.000011 58.104127 5.536881 0.692938 
-1.000000 1055.575132 0.014000 -1.000012 57.639942 5.509779 0.689493 
-1.000000 1030.442390 0.014000 -1.000012 57.172641 5.471837 0.685901 
-1.000000 1005.309649 0.014000 -1.000012 56.702275 5.433896 0.682150 
-1.000000 980.176908 0.014000 -1.000012 56.228819 5.392340 0.678228 
-1.000000 955.044167 0.014000 -1.000013 55.752372 5.348978 0.674123 
-1.000000 929.911425 0.014000 -1.000013 55.271290 5.300195 0.669819 
-1.000000 904.778684 0.014000 -1.000013 54.786549 5.249606 0.665303 
-1.000000 879.645943 0.014000 -1.000014 54.298031 5.197210 0.660555 
-1.000000 854.513202 0.014000 -1.000014 53.805614 5.137587 0.655557 
-1.000000 829.380461 0.014000 -1.000015 53.309162 5.081577 0.650286 
-1.000000 804.247719 0.014000 -1.000015 52.808528 5.018341 0.644718 
-1.000000 779.114978 0.014000 -1.000008 52.301023 4.956911 0.638825 
-1.000000 753.982237 0.014000 -1.000008 51.791477 4.890964 0.632577 
-1.000000 728.849496 0.014000 -1.000008 51.277219 4.820500 0.625939 
-1.000000 703.716754 0.014000 -1.000009 50.758031 4.753650 0.618869 
-1.000000 678.584013 0.014000 -1.000009 50.233673 4.679573 0.611323 
-1.000000 653.451272 0.014000 -1.000009 49.695103 4.596462 0.603248 
-1.000000 628.318531 0.014000 -1.000010 49.158860 4.519675 0.594583 
-1.000000 603.185789 0.014000 -1.000010 48.615572 4.437467 0.585258 
-1.000000 578.053048 0.014000 -1.000011 48.066073 4.350742 0.575190 
-1.000000 552.920307 0.014000 -1.000011 47.510640 4.259501 0.564284 
-1.000000 527.787566 0.014000 -1.000012 46.948028 4.170970 0.552423 
-1.000000 502.654825 0.014000 -1.000012 46.381758 4.075211 0.539474 
-1.000000 1231.504320 0.016000 -1.000009 55.893732 5.498939 0.727713 
-1.000000 1206.371579 0.016000 -1.000009 55.465142 5.493519 0.725233 
-1.000000 1181.238838 0.016000 -1.000009 55.033739 5.502552 0.722662 
-1.000000 1156.106097 0.016000 -1.000009 54.599477 5.517007 0.719996 
-1.000000 1130.973355 0.016000 -1.000009 54.162280 5.531461 0.717228 
-1.000000 1105.840614 0.016000 -1.000010 53.722110 5.542301 0.714352 
-1.000000 1080.707873 0.016000 -1.000010 53.278883 5.554948 0.711361 
-1.000000 1055.575132 0.016000 -1.000010 52.832549 5.553142 0.708247 
-1.000000 1030.442390 0.016000 -1.000010 52.383048 5.547721 0.705000 
-1.000000 1005.309649 0.016000 -1.000011 51.930293 5.536881 0.701613 
-1.000000 980.176908 0.016000 -1.000011 51.474216 5.517007 0.698073 
-1.000000 955.044167 0.016000 -1.000011 51.014776 5.489905 0.694371 
-1.000000 929.911425 0.016000 -1.000011 50.552040 5.457383 0.690492 
-1.000000 904.778684 0.016000 -1.000012 50.086308 5.419441 0.686424 
-1.000000 879.645943 0.016000 -1.000012 49.615978 5.381499 0.682150 
-1.000000 854.513202 0.016000 -1.000012 49.141660 5.336330 0.677653 
-1.000000 829.380461 0.016000 -1.000013 48.663378 5.285741 0.672914 
-1.000000 804.247719 0.016000 -1.000013 48.181001 5.229732 0.667911 
-1.000000 779.114978 0.016000 -1.000014 47.694384 5.173722 0.662619 
-1.000000 753.982237 0.016000 -1.000014 47.203373 5.110485 0.657011 
-1.000000 728.849496 0.016000 -1.000015 46.707796 5.043635 0.651056 
-1.000000 703.716754 0.016000 -1.000015 46.204452 4.974978 0.644718 
-1.000000 678.584013 0.016000 -1.000008 45.686985 4.907225 0.637952 
-1.000000 653.451272 0.016000 -1.000008 45.176035 4.829534 0.630718 
-1.000000 628.318531 0.016000 -1.000009 44.659685 4.746423 0.622960 
-1.000000 603.185789 0.016000 -1.000009 44.137711 4.671443 0.614614 
-1.000000 578.053048 0.016000 -1.000009 43.609622 4.581104 0.605608 
-1.000000 552.920307 0.016000 -1.000010 43.075105 4.489863 0.595855 
-1.000000 527.787566 0.016000 -1.000010 42.533743 4.401332 0.585253 
-1.000000 502.654825 0.016000 -1.000011 41.984887 4.300153 0.573681 
-1.000000 1231.504320 0.018000 -1.000008 51.964699 5.720267 0.741224 
-1.000000 1206.371579 0.018000 -1.000008 51.552133 5.641673 0.738936 
-1.000000 1181.238838 0.018000 -1.000008 51.136724 5.576630 0.736568 
-1.000000 1156.106097 0.018000 -1.000008 50.718405 5.525137 0.734113 
-1.000000 1130.973355 0.018000 -1.000008 50.297135 5.489905 0.731566 
-1.000000 1105.840614 0.018000 -1.000009 49.872853 5.460094 0.728922 
-1.000000 1080.707873 0.018000 -1.000009 49.445487 5.446543 0.726173 
-1.000000 1055.575132 0.018000 -1.000009 49.014978 5.446543 0.723314 
-1.000000 1030.442390 0.018000 -1.000009 48.581267 5.455577 0.720335 
-1.000000 1005.309649 0.018000 -1.000009 48.144268 5.468224 0.717228 
-1.000000 980.176908 0.018000 -1.000010 47.703907 5.486292 0.713985 
-1.000000 955.044167 0.018000 -1.000010 47.260120 5.491712 0.710595 
-1.000000 929.911425 0.018000 -1.000010 46.812798 5.495325 0.707045 
-1.000000 904.778684 0.018000 -1.000010 46.361844 5.486292 0.703325 
-1.000000 879.645943 0.018000 -1.000011 45.907215 5.468224 0.699419 
-1.000000 854.513202 0.018000 -1.000011 45.448802 5.441123 0.695312 
-1.000000 829.380461 0.018000 -1.000011 44.986556 5.410408 0.690987 
-1.000000 804.247719 0.018000 -1.000012 44.520341 5.370659 0.686424 
-1.000000 779.114978 0.018000 -1.000012 44.046037 5.323683 0.681599 
-1.000000 753.982237 0.018000 -1.000013 43.570887 5.274901 0.676490 
-1.000000 728.849496 0.018000 -1.000013 43.091243 5.218891 0.671069 
-1.000000 703.716754 0.018000 -1.000013 42.606917 5.155654 0.665301 
-1.000000 678.584013 0.018000 -1.000014 42.117735 5.088804 0.659152 
-1.000000 653.451272 0.018000 -1.000014 41.623488 5.018341 0.652578 
-1.000000 628.318531 0.018000 -1.000015 41.123930 4.944263 0.645531 
-1.000000 603.185789 0.018000 -1.000008 40.610435 4.864766 0.637952 
-1.000000 578.053048 0.018000 -1.000008 40.099101 4.783462 0.629778 
-1.000000 552.920307 0.018000 -1.000009 39.581789 4.694930 0.620931 
-1.000000 527.787566 0.018000 -1.000009 39.057899 4.598269 0.611318 
-1.000000 502.654825 0.018000 -1.000010 38.526914 4.503414 0.600830 
-1.000000 1231.504320 0.020000 -1.000007 48.746260 6.194542 0.752438 
-1.000000 1206.371579 0.020000 -1.000007 48.348811 6.075296 0.750303 
-1.000000 1181.238838 0.020000 -1.000007 47.947882 5.966890 0.748094 
-1.000000 1156.106097 0.020000 -1.000007 47.544019 5.863905 0.745806 
-1.000000 1130.973355 0.020000 -1.000008 47.137170 5.763629 0.743435 
-1.000000 1105.840614 0.020000 -1.000008 46.727216 5.674195 0.740973 
-1.000000 1080.707873 0.020000 -1.000008 46.314154 5.598311 0.738417 
-1.000000 1055.575132 0.020000 -1.000008 45.897933 5.530557 0.735759 
-1.000000 1030.442390 0.020000 -1.000008 45.478463 5.473644 0.732993 
-1.000000 1005.309649 0.020000 -1.000008 45.055682 5.430282 0.730110 
-1.000000 980.176908 0.020000 -1.000009 44.629519 5.411311 0.727102 
-1.000000 955.044167 0.020000 -1.000009 44.199881 5.400470 0.723959 
-1.000000 929.911425 0.020000 -1.000009 43.766690 5.408601 0.720672 
-1.000000 904.778684 0.020000 -1.000009 43.329856 5.422152 0.717228 
-1.000000 879.645943 0.020000 -1.000010 42.887310 5.430282 0.713615 
-1.000000 854.513202 0.020000 -1.000010 42.442849 5.441123 0.709819 
-1.000000 829.380461 0.020000 -1.000010 41.994431 5.441123 0.705824 
-1.000000 804.247719 0.020000 -1.000011 41.541949 5.427572 0.701612 
-1.000000 779.114978 0.020000 -1.000011 41.085277 5.405891 0.697162 
-1.000000 753.982237 0.020000 -1.000011 40.624288 5.374272 0.692453 
-1.000000 728.849496 0.020000 -1.000012 40.158813 5.338137 0.687458 
-1.000000 703.716754 0.020000 -1.000012 39.688719 5.285741 0.682149 
-1.000000 678.584013 0.020000 -1.000013 39.213799 5.231538 0.676491 
-1.000000 653.451272 0.020000 -1.000013 38.733893 5.171915 0.670446 
-1.000000 628.318531 0.020000 -1.000014 38.248775 5.103258 0.663969 
-1.000000 603.185789 0.020000 -1.000014 37.758191 5.029181 0.657010 
-1.000000 578.053048 0.020000 -1.000015 37.261906 4.951490 0.649507 
-1.000000 552.920307 0.020000 -1.000015 36.759608 4.868379 0.641391 
-1.000000 527.787566 0.020000 -1.000008 36.243101 4.775331 0.632573 
-1.000000 502.654825 0.020000 -1.000009 35.727478 4.684993 0.622959 
-1.000000 1231.504320 0.022000 -1.000006 46.050399 6.755541 0.761955 
-1.000000 1206.371579 0.022000 -1.000006 45.665626 6.622744 0.759943 
-1.000000 1181.238838 0.022000 -1.000007 45.277975 6.479107 0.757863 
-1.000000 1156.106097 0.022000 -1.000007 44.887354 6.346310 0.755710 
-1.000000 1130.973355 0.022000 -1.000007 44.493759 6.216223 0.753479 
-1.000000 1105.840614 0.022000 -1.000007 44.097152 6.091556 0.751166 
-1.000000 1080.707873 0.022000 -1.000007 43.697458 5.972310 0.748765 
-1.000000 1055.575132 0.022000 -1.000007 43.294714 5.850354 0.746271 
-1.000000 1030.442390 0.022000 -1.000007 42.889086 5.744658 0.743676 
-1.000000 1005.309649 0.022000 -1.000008 42.479335 5.647093 0.740973 
-1.000000 980.176908 0.022000 -1.000008 42.064458 5.560369 0.738156 
-1.000000 955.044167 0.022000 -1.000008 41.647735 5.487195 0.735214 
-1.000000 929.911425 0.022000 -1.000008 41.227430 5.430282 0.732140 
-1.000000 904.778684 0.022000 -1.000009 40.803448 5.386920 0.728921 
-1.000000 879.645943 0.022000 -1.000009 40.375722 5.359818 0.725547 
-1.000000 854.513202 0.022000 -1.000009 39.944102 5.354398 0.722004 
-1.000000 829.380461 0.022000 -1.000009 39.508518 5.367949 0.718278 
-1.000000 804.247719 0.022000 -1.000010 39.068839 5.384210 0.714352 
-1.000000 779.114978 0.022000 -1.000010 38.624965 5.389630 0.710207 
-1.000000 753.982237 0.022000 -1.000010 38.176760 5.392340 0.705824 
-1.000000 728.849496 0.022000 -1.000011 37.724074 5.381499 0.701178 
-1.000000 703.716754 0.022000 -1.000011 37.266765 5.359818 0.696242 
-1.000000 678.584013 0.022000 -1.000011 36.804666 5.321876 0.690986 
-1.000000 653.451272 0.022000 -1.000012 36.337589 5.275804 0.685374 
-1.000000 628.318531 0.022000 -1.000012 35.865343 5.224311 0.679365 
-1.000000 603.185789 0.022000 -1.000013 35.387702 5.161075 0.672913 
-1.000000 578.053048 0.022000 -1.000013 34.904410 5.086997 0.665960 
-1.000000 552.920307 0.022000 -1.000014 34.415224 5.009307 0.658443 
-1.000000 527.787566 0.022000 -1.000015 33.919801 4.926196 0.650284 
-1.000000 502.654825 0.022000 -1.000015 33.417822 4.836761 0.641391 
-1.000000 1231.504320 0.024000 -1.000005 43.753127 7.338221 0.770177 
-1.000000 1206.371579 0.024000 -1.000006 43.380537 7.191874 0.768266 
-1.000000 1181.238838 0.024000 -1.000006 43.004997 7.040106 0.766291 
-1.000000 1156.106097 0.024000 -1.000006 42.626461 6.885628 0.764249 
-1.000000 1130.973355 0.024000 -1.000006 42.245060 6.733860 0.762134 
-1.000000 1105.840614 0.024000 -1.000006 41.860389 6.579382 0.759943 
-1.000000 1080.707873 0.024000 -1.000007 41.472540 6.433034 0.757670 
-1.000000 1055.575132 0.024000 -1.000007 41.081450 6.302947 0.755309 
-1.000000 1030.442390 0.024000 -1.000007 40.687051 6.156600 0.752856 
-1.000000 1005.309649 0.024000 -1.000007 40.289270 6.026513 0.750303 
-1.000000 980.176908 0.024000 -1.000007 39.888034 5.891006 0.747643 
-1.000000 955.044167 0.024000 -1.000007 39.483261 5.766339 0.744867 
-1.000000 929.911425 0.024000 -1.000008 39.074870 5.652514 0.741968 
-1.000000 904.778684 0.024000 -1.000008 38.662774 5.554948 0.738936 
-1.000000 879.645943 0.024000 -1.000008 38.246880 5.473644 0.735759 
-1.000000 854.513202 0.024000 -1.000008 37.827089 5.405891 0.732425 
-1.000000 829.380461 0.024000 -1.000009 37.403231 5.354398 0.728921 
-1.000000 804.247719 0.024000 -1.000009 36.975310 5.327297 0.725232 
-1.000000 779.114978 0.024000 -1.000009 36.543143 5.321876 0.721341 
-1.000000 753.982237 0.024000 -1.000009 36.106619 5.332717 0.717228 
-1.000000 728.849496 0.024000 -1.000010 35.665615 5.346268 0.712871 
-1.000000 703.716754 0.024000 -1.000010 35.219972 5.348978 0.708246 
-1.000000 678.584013 0.024000 -1.000010 34.769530 5.343557 0.703324 
-1.000000 653.451272 0.024000 -1.000011 34.314130 5.324586 0.698072 
-1.000000 628.318531 0.024000 -1.000011 33.853572 5.292065 0.692453 
-1.000000 603.185789 0.024000 -1.000012 33.387644 5.245992 0.686423 
-1.000000 578.053048 0.024000 -1.000012 32.916125 5.197210 0.679929 
-1.000000 552.920307 0.024000 -1.000013 32.438734 5.129456 0.672913 
-1.000000 527.787566 0.024000 -1.000013 31.955197 5.048152 0.665302 
-1.000000 502.654825 0.024000 -1.000014 31.465179 4.962331 0.657010 
-1.000000 1231.504320 0.026000 -1.000003 41.764805 7.904641 0.777386 
-1.000000 1206.371579 0.026000 -1.000004 41.403569 7.744742 0.775560 
-1.000000 1181.238838 0.026000 -1.000005 41.039372 7.584844 0.773673 
-1.000000 1156.106097 0.026000 -1.000005 40.672158 7.427656 0.771723 
-1.000000 1130.973355 0.026000 -1.000006 40.301867 7.259627 0.769705 
-1.000000 1105.840614 0.026000 -1.000006 39.928437 7.097019 0.767615 
-1.000000 1080.707873 0.026000 -1.000006 39.551809 6.934410 0.765449 
-1.000000 1055.575132 0.026000 -1.000006 39.171908 6.777222 0.763201 
-1.000000 1030.442390 0.026000 -1.000006 38.788667 6.611903 0.760865 
-1.000000 1005.309649 0.026000 -1.000006 38.402013 6.457425 0.758437 
-1.000000 980.176908 0.026000 -1.000007 38.011874 6.308368 0.755908 
-1.000000 955.044167 0.026000 -1.000007 37.618168 6.151180 0.753272 
-1.000000 929.911425 0.026000 -1.000007 37.220814 5.999412 0.750520 
-1.000000 904.778684 0.026000 -1.000007 36.819721 5.869325 0.747643 
-1.000000 879.645943 0.026000 -1.000007 36.414799 5.744658 0.744631 
-1.000000 854.513202 0.026000 -1.000008 36.005949 5.614572 0.741473 
-1.000000 829.380461 0.026000 -1.000008 35.593068 5.511586 0.738156 
-1.000000 804.247719 0.026000 -1.000008 35.176046 5.424862 0.734665 
-1.000000 779.114978 0.026000 -1.000008 34.754768 5.354398 0.730987 
-1.000000 753.982237 0.026000 -1.000009 34.329107 5.311036 0.727101 
-1.000000 728.849496 0.026000 -1.000009 33.898950 5.289355 0.722988 
-1.000000 703.716754 0.026000 -1.000009 33.464034 5.283934 0.718625 
-1.000000 678.584013 0.026000 -1.000010 33.024316 5.302905 0.713984 
-1.000000 653.451272 0.026000 -1.000010 32.579641 5.305616 0.709037 
-1.000000 628.318531 0.026000 -1.000010 32.129806 5.305616 0.703746 
-1.000000 603.185789 0.026000 -1.000011 31.674604 5.286645 0.698072 
-1.000000 578.053048 0.026000 -1.000011 31.213812 5.256833 0.691967 
-1.000000 552.920307 0.026000 -1.000012 30.747199 5.210761 0.685374 
-1.000000 527.787566 0.026000 -1.000012 30.274458 5.148427 0.678227 
-1.000000 502.654825 0.026000 -1.000013 29.795310 5.072543 0.670446 
-1.000000 1231.504320 0.028000 -0.999996 40.022085 8.446669 0.783787 
-1.000000 1206.371579 0.028000 -0.999999 39.671422 8.284060 0.782031 
-1.000000 1181.238838 0.028000 -1.000001 39.317780 8.113322 0.780219 
-1.000000 1156.106097 0.028000 -1.000003 38.961101 7.950713 0.778346 
-1.000000 1130.973355 0.028000 -1.000004 38.601324 7.779974 0.776410 
-1.000000 1105.840614 0.028000 -1.000004 38.238386 7.603815 0.774406 
-1.000000 1080.707873 0.028000 -1.000005 37.872222 7.438496 0.772330 
-1.000000 1055.575132 0.028000 -1.000005 37.502765 7.262337 0.770177 
-1.000000 1030.442390 0.028000 -1.000006 37.129944 7.088888 0.767941 
-1.000000 1005.309649 0.028000 -1.000006 36.753685 6.918149 0.765618 
-1.000000 980.176908 0.028000 -1.000006 36.373911 6.744700 0.763201 
-1.000000 955.044167 0.028000 -1.000006 35.990545 6.568541 0.760682 
-1.000000 929.911425 0.028000 -1.000007 35.603496 6.397802 0.758054 
-1.000000 904.778684 0.028000 -1.000007 35.212676 6.232484 0.755309 
-1.000000 879.645943 0.028000 -1.000007 34.817993 6.086136 0.752438 
-1.000000 854.513202 0.028000 -1.000007 34.419354 5.928948 0.749428 
-1.000000 829.380461 0.028000 -1.000007 34.016651 5.788021 0.746270 
-1.000000 804.247719 0.028000 -1.000008 33.609777 5.652514 0.742949 
-1.000000 779.114978 0.028000 -1.000008 33.198613 5.527847 0.739451 
-1.000000 753.982237 0.028000 -1.000008 32.783036 5.430282 0.735759 
-1.000000 728.849496 0.028000 -1.000008 32.362914 5.348978 0.731853 
-1.000000 703.716754 0.028000 -1.000009 31.938104 5.289355 0.727713 
-1.000000 678.584013 0.028000 -1.000009 31.508472 5.262253 0.723313 
-1.000000 653.451272 0.028000 -1.000009 31.073817 5.256833 0.718625 
-1.000000 628.318531 0.028000 -1.000010 30.633980 5.262253 0.713615 
-1.000000 603.185789 0.028000 -1.000010 30.188638 5.270384 0.708246 
-1.000000 578.053048 0.028000 -1.000010 29.737758 5.264963 0.702473 
-1.000000 552.920307 0.028000 -1.000011 29.281060 5.245992 0.696242 
-1.000000 527.787566 0.028000 -1.000011 28.818279 5.205340 0.689492 
-1.000000 502.654825 0.028000 -1.000012 28.349096 5.148427 0.682149 
-1.000000 1231.504320 0.030000 -0.999979 38.478288 8.964306 0.789530 
-1.000000 1206.371579 0.030000 -0.999986 38.137522 8.793567 0.787835 
-1.000000 1181.238838 0.030000 -0.999991 37.793763 8.622828 0.786085 
-1.000000 1156.106097 0.030000 -0.999995 37.446951 8.449379 0.784279 
-1.000000 1130.973355 0.030000 -0.999998 37.097023 8.270510 0.782412 
-1.000000 1105.840614 0.030000 -1.000001 36.743917 8.099771 0.780481 
-1.000000 1080.707873 0.030000 -1.000002 36.387566 7.920902 0.778482 
-1.000000 1055.575132 0.030000 -1.000004 36.027900 7.733902 0.776410 
-1.000000 1030.442390 0.030000 -1.000005 35.664848 7.557743 0.774260 
-1.000000 1005.309649 0.030000 -1.000005 35.298335 7.373453 0.772027 
-1.000000 980.176908 0.030000 -1.000005 34.928282 7.191874 0.769705 
-1.000000 955.044167 0.030000 -1.000006 34.554608 7.002164 0.767287 
-1.000000 929.911425 0.030000 -1.000006 34.177228 6.823294 0.764766 
-1.000000 904.778684 0.030000 -1.000006 33.796051 6.636295 0.762134 
-1.000000 879.645943 0.030000 -1.000006 33.410984 6.460136 0.759382 
-1.000000 854.513202 0.030000 -1.000007 33.021927 6.278556 0.756501 
-1.000000 829.380461 0.030000 -1.000007 32.628780 6.105107 0.753479 
-1.000000 804.247719 0.030000 -1.000007 32.231424 5.942499 0.750303 
-1.000000 779.114978 0.030000 -1.000007 31.829743 5.788021 0.746960 
-1.000000 753.982237 0.030000 -1.000007 31.423620 5.647093 0.743434 
-1.000000 728.849496 0.030000 -1.000008 31.012920 5.522427 0.739707 
-1.000000 703.716754 0.030000 -1.000008 30.597503 5.405891 0.735759 
-1.000000 678.584013 0.030000 -1.000008 30.177214 5.321876 0.731566 
-1.000000 653.451272 0.030000 -1.000009 29.751892 5.256833 0.727101 
-1.000000 628.318531 0.030000 -1.000009 29.321375 5.224311 0.722334 
-1.000000 603.185789 0.030000 -1.000009 28.885440 5.224311 0.717228 
-1.000000 578.053048 0.030000 -1.000010 28.443892 5.240572 0.711741 
-1.000000 552.920307 0.030000 -1.000010 27.996465 5.235152 0.705824 
-1.000000 527.787566 0.030000 -1.000011 27.542862 5.229732 0.699418 
-1.000000 502.654825 0.030000 -1.000011 27.082918 5.197210 0.692453 
-1.000000 1231.504320 0.032000 -0.999942 37.098071 9.465682 0.794729 
-1.000000 1206.371579 0.032000 -0.999957 36.766602 9.287716 0.793085 
-1.000000 1181.238838 0.032000 -0.999969 36.432129 9.107040 0.791390 
-1.000000 1156.106097 0.032000 -0.999978 36.094590 8.928171 0.789641 
-1.000000 1130.973355 0.032000 -0.999986 35.753923 8.747495 0.787835 
-1.000000 1105.840614 0.032000 -0.999992 35.410063 8.566819 0.785967 
-1.000000 1080.707873 0.032000 -0.999996 35.062943 8.384336 0.784034 
-1.000000 1055.575132 0.032000 -0.999999 34.712490 8.197336 0.782031 
-1.000000 1030.442390 0.032000 -1.000001 34.358632 8.010336 0.779955 
-1.000000 1005.309649 0.032000 -1.000003 34.001294 7.823336 0.777800 
-1.000000 980.176908 0.032000 -1.000004 33.640395 7.628206 0.775560 
-1.000000 955.044167 0.032000 -1.000005 33.275852 7.435786 0.773229 
-1.000000 929.911425 0.032000 -1.000005 32.907579 7.246076 0.770800 
-1.000000 904.778684 0.032000 -1.000006 32.535484 7.048236 0.768266 
-1.000000 879.645943 0.032000 -1.000006 32.159472 6.850396 0.765618 
-1.000000 854.513202 0.032000 -1.000006 31.779444 6.655266 0.762847 
-1.000000 829.380461 0.032000 -1.000006 31.395293 6.468266 0.759943 
-1.000000 804.247719 0.032000 -1.000007 31.006908 6.275846 0.756893 
-1.000000 779.114978 0.032000 -1.000007 30.614171 6.094267 0.753685 
-1.000000 753.982237 0.032000 -1.000007 30.216958 5.923528 0.750303 
-1.000000 728.849496 0.032000 -1.000007 29.815140 5.758209 0.746731 
-1.000000 703.716754 0.032000 -1.000008 29.408562 5.614572 0.742949 
-1.000000 678.584013 0.032000 -1.000008 28.997085 5.473644 0.738936 
-1.000000 653.451272 0.032000 -1.000008 28.580543 5.365239 0.734665 
-1.000000 628.318531 0.032000 -1.000008 28.158761 5.273094 0.730109 
-1.000000 603.185789 0.032000 -1.000009 27.731548 5.213471 0.725232 
-1.000000 578.053048 0.032000 -1.000009 27.298696 5.191790 0.719995 
-1.000000 552.920307 0.032000 -1.000010 26.859997 5.197210 0.714352 
-1.000000 527.787566 0.032000 -1.000010 26.415165 5.202630 0.708246 
-1.000000 502.654825 0.032000 -1.000011 25.963936 5.202630 0.701612 
-1.000000 1231.504320 0.034000 -0.999871 35.854216 9.948087 0.799471 
-1.000000 1206.371579 0.034000 -0.999901 35.531504 9.766508 0.797873 
-1.000000 1181.238838 0.034000 -0.999925 35.205780 9.579508 0.796225 
-1.000000 1156.106097 0.034000 -0.999944 34.876983 9.397928 0.794526 
-1.000000 1130.973355 0.034000 -0.999959 34.545049 9.205508 0.792771 
-1.000000 1105.840614 0.034000 -0.999972 34.209910 9.020315 0.790958 
-1.000000 1080.707873 0.034000 -0.999981 33.871498 8.830606 0.789083 
-1.000000 1055.575132 0.034000 -0.999988 33.529741 8.639089 0.787142 
-1.000000 1030.442390 0.034000 -0.999994 33.184565 8.443959 0.785129 
-1.000000 1005.309649 0.034000 -0.999998 32.835891 8.254249 0.783042 
-1.000000 980.176908 0.034000 -1.000000 32.483639 8.050988 0.780873 
-1.000000 955.044167 0.034000 -1.000002 32.127723 7.855858 0.778618 
-1.000000 929.911425 0.034000 -1.000004 31.768058 7.652598 0.776269 
-1.000000 904.778684 0.034000 -1.000005 31.404548 7.452047 0.773820 
-1.000000 879.645943 0.034000 -1.000005 31.037098 7.243366 0.771263 
-1.000000 854.513202 0.034000 -1.000006 30.665606 7.045526 0.768589 
-1.000000 829.380461 0.034000 -1.000006 30.289966 6.839555 0.765787 
-1.000000 804.247719 0.034000 -1.000006 29.910064 6.636295 0.762847 
-1.000000 779.114978 0.034000 -1.000006 29.525781 6.433034 0.759756 
-1.000000 753.982237 0.034000 -1.000007 29.136993 6.235194 0.756501 
-1.000000 728.849496 0.034000 -1.000007 28.743565 6.037354 0.753064 
-1.000000 703.716754 0.034000 -1.000007 28.345355 5.861194 0.749428 
-1.000000 678.584013 0.034000 -1.000007 27.942212 5.690456 0.745573 
-1.000000 653.451272 0.034000 -1.000008 27.533972 5.538688 0.741473 
-1.000000 628.318531 0.034000 -1.000008 27.120458 5.403181 0.737101 
-1.000000 603.185789 0.034000 -1.000008 26.701481 5.300195 0.732425 
-1.000000 578.053048 0.034000 -1.000009 26.276837 5.213471 0.727407 
-1.000000 552.920307 0.034000 -1.000009 25.846301 5.175529 0.722004 
-1.000000 527.787566 0.034000 -1.000009 25.409626 5.170108 0.716162 
-1.000000 502.654825 0.034000 -1.000010 24.966553 5.175529 0.709819 
-1.000000 1231.504320 0.036000 -0.999751 34.725396 10.408811 0.803827 
-1.000000 1206.371579 0.036000 -0.999802 34.410954 10.221811 0.802268 
-1.000000 1181.238838 0.036000 -0.999845 34.093494 10.034812 0.800662 
-1.000000 1156.106097 0.036000 -0.999881 33.772959 9.847812 0.799006 
-1.000000 1130.973355 0.036000 -0.999910 33.449280 9.649972 0.797297 
-1.000000 1105.840614 0.036000 -0.999933 33.122388 9.462972 0.795532 
-1.000000 1080.707873 0.036000 -0.999952 32.792215 9.265132 0.793707 
-1.000000 1055.575132 0.036000 -0.999966 32.458686 9.070001 0.791819 
-1.000000 1030.442390 0.036000 -0.999977 32.121728 8.864934 0.789863 
-1.000000 1005.309649 0.036000 -0.999986 31.781258 8.664384 0.787835 
-1.000000 980.176908 0.036000 -0.999992 31.437196 8.462026 0.785729 
-1.000000 955.044167 0.036000 -0.999997 31.089455 8.256056 0.783540 
-1.000000 929.911425 0.036000 -1.000000 30.737943 8.056409 0.781262 
-1.000000 904.778684 0.036000 -1.000002 30.382572 7.845018 0.778888 
-1.000000 879.645943 0.036000 -1.000004 30.023240 7.633627 0.776410 
-1.000000 854.513202 0.036000 -1.000005 29.659845 7.416815 0.773820 
-1.000000 829.380461 0.036000 -1.000005 29.292277 7.205424 0.771109 
-1.000000 804.247719 0.036000 -1.000006 28.920423 6.991323 0.768266 
-1.000000 779.114978 0.036000 -1.000006 28.544163 6.771802 0.765279 
-1.000000 753.982237 0.036000 -1.000006 28.163368 6.557701 0.762134 
-1.000000 728.849496 0.036000 -1.000006 27.777910 6.351730 0.758817 
-1.000000 703.716754 0.036000 -1.000007 27.387635 6.145759 0.755309 
-1.000000 678.584013 0.036000 -1.000007 26.992395 5.945209 0.751592 
-1.000000 653.451272 0.036000 -1.000007 26.592027 5.758209 0.747643 
-1.000000 628.318531 0.036000 -1.000007 26.186356 5.587470 0.743434 
-1.000000 603.185789 0.036000 -1.000008 25.775192 5.432992 0.738936 
-1.000000 578.053048 0.036000 -1.000008 25.358328 5.311036 0.734112 
-1.000000 552.920307 0.036000 -1.000009 24.935539 5.224311 0.728921 
-1.000000 527.787566 0.036000 -1.000009 24.506592 5.159268 0.723313 
-1.000000 502.654825 0.036000 -1.000009 24.071206 5.148427 0.717227 
-1.000000 1231.504320 0.038000 -0.999560 33.694646 10.865018 0.807852 
-1.000000 1206.371579 0.038000 -0.999644 33.388032 10.671695 0.806328 
-1.000000 1181.238838 0.038000 -0.999715 33.078401 10.478371 0.804758 
-1.000000 1156.106097 0.038000 -0.999775 32.765690 10.283241 0.803140 
-1.000000 1130.973355 0.038000 -0.999825 32.449831 10.083594 0.801471 
-1.000000 1105.840614 0.038000 -0.999866 32.130755 9.888464 0.799749 
-1.000000 1080.707873 0.038000 -0.999899 31.808394 9.687914 0.797968 
-1.000000 1055.575132 0.038000 -0.999926 31.482671 9.484653 0.796127 
-1.000000 1030.442390 0.038000 -0.999947 31.153508 9.278682 0.794220 
-1.000000 1005.309649 0.038000 -0.999963 30.820825 9.067291 0.792244 
-1.000000 980.176908 0.038000 -0.999976 30.484539 8.864031 0.790194 
-1.000000 955.044167 0.038000 -0.999985 30.144558 8.649930 0.788064 
-1.000000 929.911425 0.038000 -0.999992 29.800799 8.440345 0.785848 
-1.000000 904.778684 0.038000 -0.999997 29.453162 8.225341 0.783540 
-1.000000 879.645943 0.038000 -1.000000 29.101547 8.006723 0.781132 
-1.000000 854.513202 0.038000 -1.000002 28.745849 7.790815 0.778618 
-1.000000 829.380461 0.038000 -1.000004 28.385959 7.568583 0.775986 
-1.000000 804.247719 0.038000 -1.000005 28.021761 7.343642 0.773229 
-1.000000 779.114978 0.038000 -1.000005 27.653132 7.121410 0.770333 
-1.000000 753.982237 0.038000 -1.000006 27.279945 6.888338 0.767287 
-1.000000 728.849496 0.038000 -1.000006 26.902061 6.666106 0.764075 
-1.000000 703.716754 0.038000 -1.000006 26.519338 6.446585 0.760682 
-1.000000 678.584013 0.038000 -1.000007 26.131621 6.224353 0.757088 
-1.000000 653.451272 0.038000 -1.000007 25.738744 6.012962 0.753272 
-1.000000 628.318531 0.038000 -1.000007 25.340533 5.809702 0.749208 
-1.000000 603.185789 0.038000 -1.000007 24.936797 5.625412 0.744867 
-1.000000 578.053048 0.038000 -1.000008 24.527331 5.460094 0.740216 
-1.000000 552.920307 0.038000 -1.000008 24.111913 5.321876 0.735214 
-1.000000 527.787566 0.038000 -1.000008 23.690298 5.218891 0.729814 
-1.000000 502.654825 0.038000 -1.000009 23.262220 5.143007 0.723958 
-1.000000 1231.504320 0.040000 -0.999275 32.748302 11.309481 0.811589 
-1.000000 1206.371579 0.040000 -0.999404 32.449112 11.108931 0.810096 
-1.000000 1181.238838 0.040000 -0.999515 32.146907 10.910187 0.808558 
-1.000000 1156.106097 0.040000 -0.999610 31.841616 10.704216 0.806975 
-1.000000 1130.973355 0.040000 -0.999690 31.533182 10.501859 0.805342 
-1.000000 1105.840614 0.040000 -0.999757 31.221533 10.295888 0.803656 
-1.000000 1080.707873 0.040000 -0.999812 30.906592 10.091725 0.801916 
-1.000000 1055.575132 0.040000 -0.999858 30.588284 9.885754 0.800116 
-1.000000 1030.442390 0.040000 -0.999894 30.266534 9.674363 0.798253 
-1.000000 1005.309649 0.040000 -0.999923 29.941258 9.465682 0.796324 
-1.000000 980.176908 0.040000 -0.999946 29.612368 9.246161 0.794322 
-1.000000 955.044167 0.040000 -0.999963 29.279780 9.034770 0.792244 
-1.000000 929.911425 0.040000 -0.999976 28.943394 8.812538 0.790084 
-1.000000 904.778684 0.040000 -0.999986 28.603121 8.595727 0.787835 
-1.000000 879.645943 0.040000 -0.999993 28.258857 8.371688 0.785490 
-1.000000 854.513202 0.040000 -0.999998 27.910495 8.147650 0.783042 
-1.000000 829.380461 0.040000 -1.000001 27.557922 7.916385 0.780481 
-1.000000 804.247719 0.040000 -1.000003 27.201023 7.685119 0.777800 
-1.000000 779.114978 0.040000 -1.000004 26.839672 7.452047 0.774986 
-1.000000 753.982237 0.040000 -1.000005 26.473733 7.224395 0.772027 
-1.000000 728.849496 0.040000 -1.000006 26.103080 6.985903 0.768910 
-1.000000 703.716754 0.040000 -1.000006 25.727570 6.752831 0.765618 
-1.000000 678.584013 0.040000 -1.000006 25.347029 6.514338 0.762134 
-1.000000 653.451272 0.040000 -1.000006 24.961302 6.286687 0.758437 
-1.000000 628.318531 0.040000 -1.000007 24.570209 6.056325 0.754502 
-1.000000 603.185789 0.040000 -1.000007 24.173560 5.847644 0.750303 
-1.000000 578.053048 0.040000 -1.000007 23.771150 5.649803 0.745806 
-1.000000 552.920307 0.040000 -1.000008 23.362747 5.468224 0.740973 
-1.000000 527.787566 0.040000 -1.000008 22.948123 5.321876 0.735758 
-1.000000 502.654825 0.040000 -1.000008 22.527006 5.208050 0.730109 
-1.000000 1231.504320 0.042000 -0.998872 31.875203 11.739490 0.815076 
-1.000000 1206.371579 0.042000 -0.999060 31.583067 11.535326 0.813610 
-1.000000 1181.238838 0.042000 -0.999225 31.287920 11.331162 0.812102 
-1.000000 1156.106097 0.042000 -0.999367 30.989692 11.119771 0.810548 
-1.000000 1130.973355 0.042000 -0.999489 30.688321 10.911994 0.808947 
-1.000000 1105.840614 0.042000 -0.999592 30.383735 10.702410 0.807295 
-1.000000 1080.707873 0.042000 -0.999679 30.075852 10.491019 0.805590 
-1.000000 1055.575132 0.042000 -0.999751 29.764609 10.277821 0.803827 
-1.000000 1030.442390 0.042000 -0.999810 29.449917 10.061010 0.802004 
-1.000000 1005.309649 0.042000 -0.999858 29.131694 9.844198 0.800116 
-1.000000 980.176908 0.042000 -0.999896 28.809857 9.625580 0.798159 
-1.000000 955.044167 0.042000 -0.999926 28.484313 9.403349 0.796127 
-1.000000 929.911425 0.042000 -0.999949 28.154962 9.175697 0.794016 
-1.000000 904.778684 0.042000 -0.999966 27.821716 8.956175 0.791819 
-1.000000 879.645943 0.042000 -0.999979 27.484467 8.725813 0.789530 
-1.000000 854.513202 0.042000 -0.999988 27.143108 8.490935 0.787141 
-1.000000 829.380461 0.042000 -0.999995 26.797523 8.262379 0.784645 
-1.000000 804.247719 0.042000 -0.999999 26.447595 8.023887 0.782031 
-1.000000 779.114978 0.042000 -1.000002 26.093198 7.782684 0.779290 
-1.000000 753.982237 0.042000 -1.000004 25.734200 7.541482 0.776410 
-1.000000 728.849496 0.042000 -1.000005 25.370460 7.297569 0.773377 
-1.000000 703.716754 0.042000 -1.000005 25.001831 7.059077 0.770177 
-1.000000 678.584013 0.042000 -1.000006 24.628154 6.809744 0.766791 
-1.000000 653.451272 0.042000 -1.000006 24.249264 6.560411 0.763201 
-1.000000 628.318531 0.042000 -1.000006 23.864979 6.324629 0.759382 
-1.000000 603.185789 0.042000 -1.000007 23.475102 6.083426 0.755309 
-1.000000 578.053048 0.042000 -1.000007 23.079439 5.861194 0.750951 
-1.000000 552.920307 0.042000 -1.000007 22.677760 5.649803 0.746270 
-1.000000 527.787566 0.042000 -1.000008 22.269821 5.462804 0.741223 
-1.000000 502.654825 0.042000 -1.000008 21.855355 5.302905 0.735758 
-1.000000 1231.504320 0.044000 -0.998325 31.066164 12.167693 0.818342 
-1.000000 1206.371579 0.044000 -0.998590 30.780734 11.952688 0.816901 
-1.000000 1181.238838 0.044000 -0.998823 30.492304 11.741297 0.815419 
-1.000000 1156.106097 0.044000 -0.999026 30.200802 11.526292 0.813892 
-1.000000 1130.973355 0.044000 -0.999203 29.906161 11.313095 0.812320 
-1.000000 1105.840614 0.044000 -0.999354 29.608303 11.098090 0.810698 
-1.000000 1080.707873 0.044000 -0.999483 29.307161 10.877665 0.809024 
-1.000000 1055.575132 0.044000 -0.999592 29.002646 10.659047 0.807295 
-1.000000 1030.442390 0.044000 -0.999683 28.694689 10.438623 0.805507 
-1.000000 1005.309649 0.044000 -0.999757 28.383200 10.219101 0.803656 
-1.000000 980.176908 0.044000 -0.999817 28.068094 9.988739 0.801738 
-1.000000 955.044167 0.044000 -0.999866 27.749275 9.763797 0.799749 
-1.000000 929.911425 0.044000 -0.999904 27.426650 9.536146 0.797682 
-1.000000 904.778684 0.044000 -0.999933 27.100119 9.305784 0.795532 
-1.000000 879.645943 0.044000 -0.999955 26.769573 9.070001 0.793293 
-1.000000 854.513202 0.044000 -0.999972 26.434909 8.832412 0.790958 
-1.000000 829.380461 0.044000 -0.999983 26.096010 8.590306 0.788519 
-1.000000 804.247719 0.044000 -0.999992 25.752752 8.350007 0.785967 
-1.000000 779.114978 0.044000 -0.999997 25.405011 8.107901 0.783291 
-1.000000 753.982237 0.044000 -1.000001 25.052652 7.861278 0.780481 
-1.000000 728.849496 0.044000 -1.000003 24.695532 7.611945 0.777525 
-1.000000 703.716754 0.044000 -1.000004 24.333501 7.359902 0.774406 
-1.000000 678.584013 0.044000 -1.000005 23.966402 7.105149 0.771109 
-1.000000 653.451272 0.044000 -1.000006 23.594063 6.844976 0.767615 
-1.000000 628.318531 0.044000 -1.000006 23.216298 6.587512 0.763901 
-1.000000 603.185789 0.044000 -1.000006 22.832925 6.332759 0.759943 
-1.000000 578.053048 0.044000 -1.000007 22.443729 6.088846 0.755709 
-1.000000 552.920307 0.044000 -1.000007 22.048486 5.853064 0.751165 
-1.000000 527.787566 0.044000 -1.000007 21.646952 5.633543 0.746270 
-1.000000 502.654825 0.044000 -1.000008 21.238859 5.438412 0.740973 
-1.000000 1231.504320 0.046000 -0.997610 30.313501 12.577827 0.821413 
-1.000000 1206.371579 0.046000 -0.997968 30.034472 12.364629 0.819994 
-1.000000 1181.238838 0.046000 -0.998286 29.752451 12.144205 0.818535 
-1.000000 1156.106097 0.046000 -0.998567 29.467366 11.923780 0.817034 
-1.000000 1130.973355 0.046000 -0.998813 29.179142 11.705162 0.815487 
-1.000000 1105.840614 0.046000 -0.999026 28.887710 11.484737 0.813892 
-1.000000 1080.707873 0.046000 -0.999210 28.592997 11.258892 0.812247 
-1.000000 1055.575132 0.046000 -0.999367 28.294922 11.033047 0.810548 
-1.000000 1030.442390 0.046000 -0.999499 27.993396 10.805395 0.808792 
-1.000000 1005.309649 0.046000 -0.999610 27.688344 10.575936 0.806975 
-1.000000 980.176908 0.046000 -0.999701 27.379671 10.344671 0.805092 
-1.000000 955.044167 0.046000 -0.999775 27.067287 10.114309 0.803140 
-1.000000 929.911425 0.046000 -0.999834 26.751093 9.880334 0.801113 
-1.000000 904.778684 0.046000 -0.999881 26.430987 9.644551 0.799006 
-1.000000 879.645943 0.046000 -0.999917 26.106865 9.406059 0.796813 
-1.000000 854.513202 0.046000 -0.999944 25.778615 9.159436 0.794526 
-1.000000 829.380461 0.046000 -0.999964 25.446117 8.920944 0.792138 
-1.000000 804.247719 0.046000 -0.999979 25.109254 8.669804 0.789641 
-1.000000 779.114978 0.046000 -0.999989 24.767892 8.422278 0.787025 
-1.000000 753.982237 0.046000 -0.999995 24.421899 8.165718 0.784279 
-1.000000 728.849496 0.046000 -1.000000 24.071130 7.907351 0.781391 
-1.000000 703.716754 0.046000 -1.000003 23.715431 7.649887 0.778346 
-1.000000 678.584013 0.046000 -1.000004 23.354643 7.392424 0.775130 
-1.000000 653.451272 0.046000 -1.000005 22.988593 7.124120 0.771723 
-1.000000 628.318531 0.046000 -1.000006 22.617094 6.861236 0.768104 
-1.000000 603.185789 0.046000 -1.000006 22.239959 6.595643 0.764248 
-1.000000 578.053048 0.046000 -1.000006 21.856975 6.330049 0.760128 
-1.000000 552.920307 0.046000 -1.000007 21.467914 6.072585 0.755709 
-1.000000 527.787566 0.046000 -1.000007 21.072530 5.825963 0.750951 
-1.000000 502.654825 0.046000 -1.000007 20.670556 5.606441 0.745806 
-1.000000 1231.504320 0.048000 -0.996703 29.610813 12.987962 0.824310 
-1.000000 1206.371579 0.048000 -0.997173 29.337893 12.762117 0.822912 
-1.000000 1181.238838 0.048000 -0.997594 29.061989 12.543499 0.821474 
-1.000000 1156.106097 0.048000 -0.997968 28.783029 12.315847 0.819994 
-1.000000 1130.973355 0.048000 -0.998299 28.500938 12.086388 0.818471 
-1.000000 1105.840614 0.048000 -0.998590 28.215649 11.858736 0.816901 
-1.000000 1080.707873 0.048000 -0.998842 27.927083 11.632891 0.815282 
-1.000000 1055.575132 0.048000 -0.999060 27.635159 11.398012 0.813610 
-1.000000 1030.442390 0.048000 -0.999247 27.339792 11.166747 0.811883 
-1.000000 1005.309649 0.048000 -0.999404 27.040897 10.935482 0.810096 
-1.000000 980.176908 0.048000 -0.999535 26.738385 10.695183 0.808245 
-1.000000 955.044167 0.048000 -0.999644 26.432163 10.460304 0.806328 
-1.000000 929.911425 0.048000 -0.999732 26.122129 10.218198 0.804337 
-1.000000 904.778684 0.048000 -0.999802 25.808184 9.976092 0.802268 
-1.000000 879.645943 0.048000 -0.999858 25.490216 9.731276 0.800116 
-1.000000 854.513202 0.048000 -0.999901 25.168117 9.484653 0.797873 
-1.000000 829.380461 0.048000 -0.999933 24.841765 9.238030 0.795532 
-1.000000 804.247719 0.048000 -0.999957 24.511035 8.983277 0.793085 
-1.000000 779.114978 0.048000 -0.999974 24.175800 8.725813 0.790523 
-1.000000 753.982237 0.048000 -0.999986 23.835921 8.469253 0.787835 
-1.000000 728.849496 0.048000 -0.999994 23.491251 8.207273 0.785009 
-1.000000 703.716754 0.048000 -0.999999 23.141637 7.941679 0.782031 
-1.000000 678.584013 0.048000 -1.000002 22.786915 7.671569 0.778888 
-1.000000 653.451272 0.048000 -1.000004 22.426911 7.403265 0.775560 
-1.000000 628.318531 0.048000 -1.000005 22.061437 7.121410 0.772027 
-1.000000 603.185789 0.048000 -1.000006 21.690303 6.850396 0.768266 
-1.000000 578.053048 0.048000 -1.000006 21.313293 6.576672 0.764248 
-1.000000 552.920307 0.048000 -1.000006 20.930178 6.302947 0.759943 
-1.000000 527.787566 0.048000 -1.000007 20.540711 6.037354 0.755309 
-1.000000 502.654825 0.048000 -1.000007 20.144624 5.782600 0.750303 
-1.000000 1231.504320 0.050000 -0.995581 28.952649 13.385449 0.827051 
-1.000000 1206.371579 0.050000 -0.996181 28.685567 13.155991 0.825671 
-1.000000 1181.238838 0.050000 -0.996723 28.415510 12.930146 0.824252 
-1.000000 1156.106097 0.050000 -0.997210 28.142411 12.700687 0.822793 
-1.000000 1130.973355 0.050000 -0.997643 27.866188 12.467615 0.821291 
-1.000000 1105.840614 0.050000 -0.998026 27.586775 12.234543 0.819744 
-1.000000 1080.707873 0.050000 -0.998363 27.304093 11.997857 0.818148 
-1.000000 1055.575132 0.050000 -0.998656 27.018056 11.761171 0.816501 
-1.000000 1030.442390 0.050000 -0.998909 26.728588 11.524486 0.814800 
-1.000000 1005.309649 0.050000 -0.999126 26.435597 11.284187 0.813041 
-1.000000 980.176908 0.050000 -0.999309 26.138989 11.038467 0.811220 
-1.000000 955.044167 0.050000 -0.999462 25.838675 10.796361 0.809333 
-1.000000 929.911425 0.050000 -0.999588 25.534553 10.550642 0.807375 
-1.000000 904.778684 0.050000 -0.999690 25.226518 10.299502 0.805342 
-1.000000 879.645943 0.050000 -0.999772 24.914459 10.053783 0.803227 
-1.000000 854.513202 0.050000 -0.999836 24.598265 9.799029 0.801023 
-1.000000 829.380461 0.050000 -0.999886 24.277815 9.541566 0.798725 
-1.000000 804.247719 0.050000 -0.999923 23.952984 9.286813 0.796324 
-1.000000 779.114978 0.050000 -0.999951 23.623634 9.023929 0.793810 
-1.000000 753.982237 0.050000 -0.999970 23.289633 8.761045 0.791175 
-1.000000 728.849496 0.050000 -0.999984 22.950830 8.490031 0.788406 
-1.000000 703.716754 0.050000 -0.999993 22.607070 8.221727 0.785490 
-1.000000 678.584013 0.050000 -0.999999 22.258186 7.948906 0.782412 
-1.000000 653.451272 0.050000 -1.000002 21.904004 7.668858 0.779156 
-1.000000 628.318531 0.050000 -1.000004 21.544331 7.387004 0.775702 
-1.000000 603.185789 0.050000 -1.000005 21.178977 7.099729 0.772027 
-1.000000 578.053048 0.050000 -1.000006 20.807722 6.820584 0.768104 
-1.000000 552.920307 0.050000 -1.000006 20.430337 6.530599 0.763901 
-1.000000 527.787566 0.050000 -1.000006 20.046572 6.251455 0.759382 
-1.000000 502.654825 0.050000 -1.000007 19.656157 5.980441 0.754502 
-1.000000 1231.504320 0.052000 -0.994225 28.334966 13.781130 0.829651 
-1.000000 1206.371579 0.052000 -0.994975 28.073278 13.544444 0.828288 
-1.000000 1181.238838 0.052000 -0.995656 27.808414 13.309565 0.826887 
-1.000000 1156.106097 0.052000 -0.996272 27.540917 13.072880 0.825447 
-1.000000 1130.973355 0.052000 -0.996825 27.270319 12.834387 0.823964 
-1.000000 1105.840614 0.052000 -0.997318 26.996535 12.597702 0.822437 
-1.000000 1080.707873 0.052000 -0.997755 26.719490 12.353789 0.820863 
-1.000000 1055.575132 0.052000 -0.998139 26.439105 12.113490 0.819238 
-1.000000 1030.442390 0.052000 -0.998473 26.155292 11.867770 0.817561 
-1.000000 1005.309649 0.052000 -0.998762 25.867959 11.625664 0.815827 
-1.000000 980.176908 0.052000 -0.999009 25.577023 11.374525 0.814033 
-1.000000 955.044167 0.052000 -0.999218 25.282381 11.128805 0.812174 
-1.000000 929.911425 0.052000 -0.999392 24.983932 10.874052 0.810247 
-1.000000 904.778684 0.052000 -0.999535 24.681574 10.621105 0.808245 
-1.000000 879.645943 0.052000 -0.999652 24.375193 10.368159 0.806164 
-1.000000 854.513202 0.052000 -0.999745 24.064677 10.109792 0.803998 
-1.000000 829.380461 0.052000 -0.999817 23.749903 9.844198 0.801738 
-1.000000 804.247719 0.052000 -0.999873 23.430742 9.582218 0.799379 
-1.000000 779.114978 0.052000 -0.999915 23.107062 9.319334 0.796910 
-1.000000 753.982237 0.052000 -0.999946 22.778718 9.048320 0.794322 
-1.000000 728.849496 0.052000 -0.999968 22.445564 8.774596 0.791605 
-1.000000 703.716754 0.052000 -0.999982 22.107443 8.495451 0.788745 
-1.000000 678.584013 0.052000 -0.999992 21.764186 8.214500 0.785729 
-1.000000 653.451272 0.052000 -0.999998 21.415614 7.934452 0.782539 
-1.000000 628.318531 0.052000 -1.000002 21.061539 7.645371 0.779156 
-1.000000 603.185789 0.052000 -1.000004 20.701754 7.357192 0.775560 
-1.000000 578.053048 0.052000 -1.000005 20.336051 7.061787 0.771723 
-1.000000 552.920307 0.052000 -1.000006 19.964194 6.766382 0.767615 
-1.000000 527.787566 0.052000 -1.000006 19.585931 6.468266 0.763200 
-1.000000 502.654825 0.052000 -1.000007 19.200989 6.178281 0.758437 
-1.000000 1231.504320 0.054000 -0.992617 27.752541 14.167777 0.832124 
-1.000000 1206.371579 0.054000 -0.993535 27.496406 13.929284 0.830776 
-1.000000 1181.238838 0.054000 -0.994374 27.237317 13.685371 0.829392 
-1.000000 1156.106097 0.054000 -0.995138 26.975096 13.441459 0.827968 
-1.000000 1130.973355 0.054000 -0.995828 26.709620 13.201160 0.826503 
-1.000000 1105.840614 0.054000 -0.996449 26.441029 12.957247 0.824995 
-1.000000 1080.707873 0.054000 -0.997002 26.169392 12.709721 0.823441 
-1.000000 1055.575132 0.054000 -0.997493 25.894427 12.460388 0.821837 
-1.000000 1030.442390 0.054000 -0.997924 25.616041 12.212862 0.820182 
-1.000000 1005.309649 0.054000 -0.998299 25.334150 11.961722 0.818471 
-1.000000 980.176908 0.054000 -0.998623 25.048659 11.708775 0.816701 
-1.000000 955.044167 0.054000 -0.998900 24.759463 11.450409 0.814869 
-1.000000 929.911425 0.054000 -0.999134 24.466471 11.192042 0.812969 
-1.000000 904.778684 0.054000 -0.999329 24.169569 10.937289 0.810997 
-1.000000 879.645943 0.054000 -0.999489 23.868653 10.673501 0.808947 
-1.000000 854.513202 0.054000 -0.999618 23.563600 10.411521 0.806814 
-1.000000 829.380461 0.054000 -0.999722 23.254289 10.142314 0.804590 
-1.000000 804.247719 0.054000 -0.999802 22.940591 9.874913 0.802268 
-1.000000 779.114978 0.054000 -0.999864 22.622369 9.603899 0.799841 
-1.000000 753.982237 0.054000 -0.999910 22.299481 9.324755 0.797297 
-1.000000 728.849496 0.054000 -0.999943 21.971775 9.053741 0.794627 
-1.000000 703.716754 0.054000 -0.999966 21.639088 8.771886 0.791819 
-1.000000 678.584013 0.054000 -0.999982 21.301257 8.481901 0.788858 
-1.000000 653.451272 0.054000 -0.999992 20.958100 8.189206 0.785729 
-1.000000 628.318531 0.054000 -0.999999 20.609425 7.900124 0.782412 
-1.000000 603.185789 0.054000 -1.000002 20.255026 7.600202 0.778888 
-1.000000 578.053048 0.054000 -1.000004 19.894681 7.300279 0.775130 
-1.000000 552.920307 0.054000 -1.000005 19.528163 6.994033 0.771109 
-1.000000 527.787566 0.054000 -1.000006 19.155216 6.685077 0.766791 
-1.000000 502.654825 0.054000 -1.000006 18.775562 6.384252 0.762134 
-1.000000 1231.504320 0.056000 -0.990743 27.202547 14.547196 0.834481 
-1.000000 1206.371579 0.056000 -0.991847 26.951552 14.303284 0.833148 
-1.000000 1181.238838 0.056000 -0.992863 26.697614 14.053951 0.831778 
-1.000000 1156.106097 0.056000 -0.993792 26.440666 13.810038 0.830370 
-1.000000 1130.973355 0.056000 -0.994637 26.180631 13.557091 0.828922 
-1.000000 1105.840614 0.056000 -0.995402 25.917388 13.305952 0.827431 
-1.000000 1080.707873 0.056000 -0.996089 25.650697 13.056619 0.825894 
-1.000000 1055.575132 0.056000 -0.996703 25.380681 12.801866 0.824310 
-1.000000 1030.442390 0.056000 -0.997246 25.107511 12.547112 0.822675 
-1.000000 1005.309649 0.056000 -0.997723 24.830844 12.288745 0.820985 
-1.000000 980.176908 0.056000 -0.998139 24.550586 12.033992 0.819238 
-1.000000 955.044167 0.056000 -0.998497 24.266640 11.773819 0.817430 
-1.000000 929.911425 0.056000 -0.998803 23.978900 11.506418 0.815555 
-1.000000 904.778684 0.056000 -0.999060 23.687252 11.242631 0.813610 
-1.000000 879.645943 0.056000 -0.999275 23.391597 10.977037 0.811589 
-1.000000 854.513202 0.056000 -0.999450 23.091804 10.709637 0.809486 
-1.000000 829.380461 0.056000 -0.999592 22.787758 10.435009 0.807295 
-1.000000 804.247719 0.056000 -0.999704 22.479324 10.160381 0.805009 
-1.000000 779.114978 0.056000 -0.999792 22.166364 9.882140 0.802619 
-1.000000 753.982237 0.056000 -0.999858 21.848736 9.600286 0.800116 
-1.000000 728.849496 0.056000 -0.999907 21.526286 9.318431 0.797490 
-1.000000 703.716754 0.056000 -0.999942 21.198851 9.032059 0.794729 
-1.000000 678.584013 0.056000 -0.999966 20.866260 8.739364 0.791819 
-1.000000 653.451272 0.056000 -0.999982 20.528332 8.443959 0.788745 
-1.000000 628.318531 0.056000 -0.999993 20.184872 8.145843 0.785490 
-1.000000 603.185789 0.056000 -0.999999 19.835675 7.844114 0.782031 
-1.000000 578.053048 0.056000 -1.000003 19.480514 7.531545 0.778346 
-1.000000 552.920307 0.056000 -1.000004 19.119161 7.219878 0.774406 
-1.000000 527.787566 0.056000 -1.000005 18.751354 6.910019 0.770176 
-1.000000 502.654825 0.056000 -1.000006 18.376817 6.592932 0.765618 
-1.000000 1231.504320 0.058000 -0.988591 26.681983 14.919389 0.836733 
-1.000000 1206.371579 0.058000 -0.989899 26.435925 14.668249 0.835412 
-1.000000 1181.238838 0.058000 -0.991108 26.186938 14.417110 0.834056 
-1.000000 1156.106097 0.058000 -0.992220 25.934953 14.165970 0.832663 
-1.000000 1130.973355 0.058000 -0.993238 25.679894 13.911217 0.831230 
-1.000000 1105.840614 0.058000 -0.994164 25.421687 13.654657 0.829755 
-1.000000 1080.707873 0.058000 -0.995002 25.160251 13.398097 0.828235 
-1.000000 1055.575132 0.058000 -0.995755 24.895457 13.141537 0.826668 
-1.000000 1030.442390 0.058000 -0.996427 24.627071 12.877749 0.825052 
-1.000000 1005.309649 0.058000 -0.997022 24.355179 12.615769 0.823382 
-1.000000 980.176908 0.058000 -0.997543 24.079957 12.353789 0.821656 
-1.000000 955.044167 0.058000 -0.997997 23.801055 12.086388 0.819869 
-1.000000 929.911425 0.058000 -0.998388 23.518370 11.815374 0.818018 
-1.000000 904.778684 0.058000 -0.998721 23.231792 11.544360 0.816098 
-1.000000 879.645943 0.058000 -0.999000 22.941202 11.273346 0.814103 
-1.000000 854.513202 0.058000 -0.999232 22.646488 11.000525 0.812029 
-1.000000 829.380461 0.058000 -0.999422 22.347519 10.724091 0.809868 
-1.000000 804.247719 0.058000 -0.999574 22.044161 10.444043 0.807614 
-1.000000 779.114978 0.058000 -0.999694 21.736285 10.156768 0.805259 
-1.000000 753.982237 0.058000 -0.999786 21.423735 9.871300 0.802793 
-1.000000 728.849496 0.058000 -0.999856 21.106359 9.585832 0.800207 
-1.000000 703.716754 0.058000 -0.999907 20.783995 9.291330 0.797490 
-1.000000 678.584013 0.058000 -0.999943 20.456470 8.996828 0.794627 
-1.000000 653.451272 0.058000 -0.999968 20.123597 8.698712 0.791605 
-1.000000 628.318531 0.058000 -0.999984 19.785183 8.392466 0.788406 
-1.000000 603.185789 0.058000 -0.999994 19.441017 8.080800 0.785009 
-1.000000 578.053048 0.058000 -1.000000 19.090878 7.766424 0.781391 
-1.000000 552.920307 0.058000 -1.000003 18.734518 7.444820 0.777524 
-1.000000 527.787566 0.058000 -1.000005 18.371690 7.126830 0.773377 
-1.000000 502.654825 0.058000 -1.000006 18.002108 6.798903 0.768910 
-1.000000 1231.504320 0.060000 -0.986153 26.188223 15.293388 0.838887 
-1.000000 1206.371579 0.060000 -0.987680 25.946916 15.036828 0.837579 
-1.000000 1181.238838 0.060000 -0.989099 25.702691 14.774848 0.836236 
-1.000000 1156.106097 0.060000 -0.990411 25.455480 14.518288 0.834856 
-1.000000 1130.973355 0.060000 -0.991618 25.205209 14.259921 0.833437 
-1.000000 1105.840614 0.060000 -0.992723 24.951802 13.997941 0.831976 
-1.000000 1080.707873 0.060000 -0.993728 24.695179 13.735961 0.830472 
-1.000000 1055.575132 0.060000 -0.994637 24.435255 13.470367 0.828922 
-1.000000 1030.442390 0.060000 -0.995454 24.171946 13.202966 0.827322 
-1.000000 1005.309649 0.060000 -0.996181 23.905113 12.933759 0.825671 
-1.000000 980.176908 0.060000 -0.996825 23.634489 12.666358 0.823964 
-1.000000 955.044167 0.060000 -0.997389 23.360236 12.397151 0.822198 
-1.000000 929.911425 0.060000 -0.997879 23.082423 12.120717 0.820368 
-1.000000 904.778684 0.060000 -0.998299 22.800722 11.846089 0.818471 
-1.000000 879.645943 0.060000 -0.998656 22.515026 11.566041 0.816501 
-1.000000 854.513202 0.060000 -0.998956 22.225207 11.285993 0.814453 
-1.000000 829.380461 0.060000 -0.999203 21.931138 11.004139 0.812320 
-1.000000 804.247719 0.060000 -0.999404 21.632688 10.718670 0.810096 
-1.000000 779.114978 0.060000 -0.999564 21.329713 10.431396 0.807773 
-1.000000 753.982237 0.060000 -0.999690 21.022074 10.136894 0.805342 
-1.000000 728.849496 0.060000 -0.999786 20.709606 9.842392 0.802793 
-1.000000 703.716754 0.060000 -0.999858 20.392145 9.542469 0.800116 
-1.000000 678.584013 0.060000 -0.999910 20.069518 9.240740 0.797297 
-1.000000 653.451272 0.060000 -0.999946 19.741540 8.937204 0.794322 
-1.000000 628.318531 0.060000 -0.999970 19.408007 8.630959 0.791175 
-1.000000 603.185789 0.060000 -0.999986 19.068713 8.311162 0.787835 
-1.000000 578.053048 0.060000 -0.999995 18.723434 7.991365 0.784279 
-1.000000 552.920307 0.060000 -1.000001 18.371921 7.667052 0.780481 
-1.000000 527.787566 0.060000 -1.000004 18.013914 7.338221 0.776410 
-1.000000 502.654825 0.060000 -1.000005 17.649135 7.007584 0.772027 
-1.000000 1231.504320 0.062000 -0.983423 25.718964 15.658354 0.840952 
-1.000000 1206.371579 0.062000 -0.985184 25.482230 15.392760 0.839656 
-1.000000 1181.238838 0.062000 -0.986828 25.242590 15.132587 0.838324 
-1.000000 1156.106097 0.062000 -0.988355 24.999978 14.868800 0.836957 
-1.000000 1130.973355 0.062000 -0.989768 24.754319 14.601399 0.835551 
-1.000000 1105.840614 0.062000 -0.991068 24.505536 14.332192 0.834104 
-1.000000 1080.707873 0.062000 -0.992256 24.253550 14.064791 0.832614 
-1.000000 1055.575132 0.062000 -0.993338 23.998276 13.799197 0.831079 
-1.000000 1030.442390 0.062000 -0.994315 23.739628 13.526377 0.829496 
-1.000000 1005.309649 0.062000 -0.995192 23.477513 13.251749 0.827861 
-1.000000 980.176908 0.062000 -0.995972 23.211837 12.978928 0.826172 
-1.000000 955.044167 0.062000 -0.996661 22.942427 12.697073 0.824425 
-1.000000 929.911425 0.062000 -0.997264 22.668884 12.420639 0.822615 
-1.000000 904.778684 0.062000 -0.997786 22.391893 12.136978 0.820739 
-1.000000 879.645943 0.062000 -0.998234 22.110913 11.855123 0.818792 
-1.000000 854.513202 0.062000 -0.998612 21.825825 11.567848 0.816768 
-1.000000 829.380461 0.062000 -0.998928 21.536491 11.278766 0.814661 
-1.000000 804.247719 0.062000 -0.999188 21.242781 10.989685 0.812465 
-1.000000 779.114978 0.062000 -0.999398 20.944552 10.693376 0.810171 
-1.000000 753.982237 0.062000 -0.999564 20.641657 10.400681 0.807773 
-1.000000 728.849496 0.062000 -0.999694 20.333934 10.100758 0.805259 
-1.000000 703.716754 0.062000 -0.999792 20.021220 9.793609 0.802619 
-1.000000 678.584013 0.062000 -0.999864 19.703336 9.486460 0.799841 
-1.000000 653.451272 0.062000 -0.999915 19.380095 9.177504 0.796910 
-1.000000 628.318531 0.062000 -0.999951 19.051295 8.861320 0.793810 
-1.000000 603.185789 0.062000 -0.999974 18.716722 8.544234 0.790523 
-1.000000 578.053048 0.062000 -0.999989 18.376151 8.213597 0.787025 
-1.000000 552.920307 0.062000 -0.999997 18.029334 7.885670 0.783291 
-1.000000 527.787566 0.062000 -1.000002 17.676011 7.547805 0.779290 
-1.000000 502.654825 0.062000 -1.000004 17.315889 7.208134 0.774986 
-1.000000 1231.504320 0.064000 -0.980397 25.272166 16.021513 0.842936 
-1.000000 1206.371579 0.064000 -0.982406 25.039840 15.750499 0.841650 
-1.000000 1181.238838 0.064000 -0.984290 24.804624 15.481292 0.840329 
-1.000000 1156.106097 0.064000 -0.986047 24.566446 15.210277 0.838973 
-1.000000 1130.973355 0.064000 -0.987680 24.325233 14.937457 0.837579 
-1.000000 1105.840614 0.064000 -0.989189 24.080909 14.670056 0.836145 
-1.000000 1080.707873 0.064000 -0.990578 23.833395 14.391815 0.834669 
-1.000000 1055.575132 0.064000 -0.991847 23.582607 14.120801 0.833148 
-1.000000 1030.442390 0.064000 -0.993001 23.328456 13.842560 0.831579 
-1.000000 1005.309649 0.064000 -0.994042 23.070851 13.562512 0.829961 
-1.000000 980.176908 0.064000 -0.994975 22.809696 13.284271 0.828288 
-1.000000 955.044167 0.064000 -0.995804 22.544890 12.998802 0.826558 
-1.000000 929.911425 0.064000 -0.996535 22.276328 12.713334 0.824768 
-1.000000 904.778684 0.064000 -0.997173 22.003743 12.429673 0.822912 
-1.000000 879.645943 0.064000 -0.997723 21.726986 12.140591 0.820985 
-1.000000 854.513202 0.064000 -0.998194 21.446462 11.846089 0.818984 
-1.000000 829.380461 0.064000 -0.998590 21.161703 11.551587 0.816901 
-1.000000 804.247719 0.064000 -0.998919 20.872579 11.255278 0.814730 
-1.000000 779.114978 0.064000 -0.999188 20.578942 10.958970 0.812465 
-1.000000 753.982237 0.064000 -0.999404 20.280637 10.657241 0.810096 
-1.000000 728.849496 0.064000 -0.999574 19.977513 10.350091 0.807614 
-1.000000 703.716754 0.064000 -0.999704 19.669391 10.041135 0.805009 
-1.000000 678.584013 0.064000 -0.999802 19.356101 9.726759 0.802268 
-1.000000 653.451272 0.064000 -0.999873 19.037453 9.410576 0.799379 
-1.000000 628.318531 0.064000 -0.999923 18.713238 9.088972 0.796324 
-1.000000 603.185789 0.064000 -0.999957 18.383247 8.766466 0.793085 
-1.000000 578.053048 0.064000 -0.999978 18.047242 8.435828 0.789641 
-1.000000 552.920307 0.064000 -0.999992 17.704985 8.097061 0.785967 
-1.000000 527.787566 0.064000 -0.999999 17.356202 7.755583 0.782031 
-1.000000 502.654825 0.064000 -1.000003 17.000610 7.414105 0.777800 
