0.500000 0.980655 1.627559 1.300398 3.201826
0.600000 0.994461 1.424709 1.372587 2.941087
0.700000 0.996448 1.267344 1.438675 2.742878
0.800000 0.997703 1.144740 1.501713 2.586191
0.900000 0.997875 1.046252 1.550517 2.458747
1.000000 0.997679 0.963969 1.581019 2.352763
1.100000 0.997444 0.894842 1.613555 2.263045
1.200000 0.997737 0.835905 1.635924 2.185979
1.300000 0.998196 0.784888 1.658292 2.118970
1.400000 0.999208 0.740438 1.670493 2.060098
1.500000 1.003186 0.701250 1.678627 2.007935
1.600000 1.010390 0.664598 1.686297 1.961328
1.700000 1.010650 0.633714 1.691381 1.919397
1.800000 1.009515 0.605927 1.693923 1.881457
1.900000 1.009214 0.580583 1.704091 1.846943
2.000000 1.008811 0.557480 1.689687 1.815394
2.100000 1.008807 0.536276 1.680366 1.786430
2.200000 1.008966 0.516822 1.671893 1.759734
2.300000 1.010094 0.498837 1.660878 1.735039
2.400000 1.001457 0.481994 1.650213 1.712105
2.500000 1.001950 0.466568 1.629877 1.690772
2.600000 1.002222 0.452217 1.620726 1.670858
2.700000 1.002448 0.438827 1.595985 1.652221
2.800000 1.002582 0.426318 1.574294 1.634736
2.900000 1.002590 0.414603 1.550569 1.618297
3.000000 1.028810 0.403636 1.530233 1.602809
