-1.000000 -0.991920 1.459569 2.558265 0.828221
-2.000000 -2.003670 3.288041 3.978294 0.808396
-3.000000 -2.963371 5.259027 5.055061 0.798357
-4.000000 -3.943673 7.307968 5.959315 0.792105
-5.000000 -5.138362 9.412634 6.747657 0.787751
-6.000000 -6.092295 11.549129 7.450624 0.784513
-7.000000 -7.097983 13.716949 8.099106 0.781972
-8.000000 -8.104454 15.907656 8.700137 0.779916
-9.000000 -9.080709 18.117628 9.258990 0.778208
-10.00000 -9.996376 20.327144 9.788969 0.776765
-20.00000 -20.002933 43.110275 14.026413 0.768910
-30.00000 -29.900884 66.058137 17.250136 0.765428
-40.00000 -39.840661 89.628368 19.962852 0.763354
-50.00000 -49.882494 113.427027 22.342733 0.761940
-60.00000 -59.864256 137.286415 24.488883 0.760897
-70.00000 -69.879547 161.254851 26.464208 0.760086
-80.00000 -79.895908 185.333439 28.303206 0.759432
-90.00000 -89.878715 209.380387 30.026964 0.758890
-100.0000 -99.812928 233.513406 31.654013 0.758430
