-1.000000 4.000000 -0.999124 1.321826 4.140255 0.813041 0.000000 0.000789
-2.000000 4.000000 -1.997869 2.892962 5.666968 0.796548 0.000000 0.000739
-3.000000 4.000000 -2.996134 4.556095 6.747411 0.788422 0.000001 0.000631
-4.000000 4.000000 -3.993852 6.270170 7.623689 0.783403 0.000001 0.000396
-5.000000 4.000000 -4.990904 8.017610 8.377109 0.779925 0.000001 0.000396
-6.000000 4.000000 -5.987179 9.789034 9.045610 0.777336 0.000001 0.000874
-7.000000 4.000000 -6.982540 11.578735 9.652682 0.775315 0.000001 0.000874
-8.000000 4.000000 -7.976854 13.382953 10.211874 0.773683 0.000002 0.000396
-9.000000 4.000000 -8.969938 15.199067 10.734028 0.772328 0.000002 0.000396
-10.000000 4.000000 -9.961618 17.025146 11.222757 0.771182 0.000002 0.000396
-11.000000 4.000000 -10.951694 18.859726 11.685287 0.770196 0.000002 0.000396
-12.000000 4.000000 -11.939940 20.701667 12.126137 0.769337 0.000002 0.000396
-13.000000 4.000000 -12.968324 22.550291 12.547321 0.768569 0.000001 0.000338
-14.000000 4.000000 -13.961372 24.404497 12.953273 0.767892 0.000001 0.000432
-15.000000 4.000000 -14.953273 26.263833 13.340344 0.767285 0.000002 0.000137
-16.000000 4.000000 -15.943888 28.127788 13.715324 0.766735 0.000002 0.000119
-17.000000 4.000000 -16.933057 29.995932 14.077717 0.766236 0.000002 0.000137
-18.000000 4.000000 -17.920605 31.867891 14.428847 0.765781 0.000002 0.000137
-19.000000 4.000000 -18.906344 33.743342 14.770039 0.765363 0.000002 0.000137
-20.000000 4.000000 -19.890066 35.622000 15.101956 0.764978 0.000002 0.000137
