-1.000000 2.000000 -0.999992 0.982833 3.020063 0.754503 0.000003 0.000976
-2.000000 2.000000 -2.000004 1.967500 3.986680 0.753369 0.000003 0.000739
-3.000000 2.000000 -3.000002 2.955189 4.691317 0.752829 0.000003 0.000372
-4.000000 2.000000 -4.000009 3.944631 5.271287 0.752479 0.000004 0.000396
-5.000000 2.000000 -5.000009 4.935234 5.773567 0.752232 0.000004 0.000396
-6.000000 2.000000 -6.000013 5.926699 6.221643 0.752046 0.000004 0.000874
-7.000000 2.000000 -7.000014 6.918822 6.629971 0.751899 0.000003 0.000874
-8.000000 2.000000 -7.999994 7.911470 7.011198 0.751780 0.000003 0.000559
-9.000000 2.000000 -9.000011 8.904555 7.365323 0.751680 0.000003 0.000396
-10.000000 2.000000 -9.999995 9.898009 7.701380 0.751596 0.000003 0.000882
-11.000000 2.000000 -10.999996 10.891775 8.019370 0.751523 0.000003 0.000396
-12.000000 2.000000 -12.000013 11.885815 8.322906 0.751459 0.000005 0.000396
-13.000000 2.000000 -13.000015 12.880094 8.611988 0.751402 0.000005 0.000370
-14.000000 2.000000 -14.000017 13.874585 8.889325 0.751352 0.000008 0.000325
-15.000000 2.000000 -15.000018 14.869270 9.158533 0.751307 0.000004 0.000101
-16.000000 2.000000 -16.000021 15.864127 9.417803 0.751266 0.000004 0.000101
-17.000000 2.000000 -17.000025 16.859141 9.668943 0.751228 0.000005 0.000101
-18.000000 2.000000 -18.000030 17.854298 9.913759 0.751194 0.000005 0.000101
-19.000000 2.000000 -19.000037 18.849587 10.150444 0.751162 0.000005 0.000101
-20.000000 2.000000 -20.000044 19.844997 10.378999 0.751133 0.000006 0.000101
