-1.000000 -0.999755 38.192681 5.094732 0.663971
-2.000000 -1.998889 70.323212 5.846670 0.688873
-3.000000 -2.998940 100.790504 6.377092 0.700325
-4.000000 -3.997904 130.398860 6.806578 0.707130
-5.000000 -4.997138 159.432723 7.178482 0.711753
-6.000000 -5.996161 188.074277 7.511774 0.715151
-7.000000 -7.000475 216.507623 7.809840 0.717782
-8.000000 -8.025802 244.612483 8.092551 0.719897
-9.000000 -8.999389 272.528800 8.347252 0.721645
-10.00000 -10.00081 300.303926 8.589660 0.723121
-11.00000 -11.00154 327.891371 8.808585 0.724389
-12.00000 -11.99750 355.355425 9.034919 0.725492
-13.00000 -13.00176 382.825034 9.244990 0.726465
-14.00000 -14.00003 410.134193 9.450092 0.727330
-15.00000 -14.99260 437.247177 9.626166 0.728107
-16.00000 -15.99015 464.339593 9.815338 0.728809
-17.00000 -16.99566 491.471330 9.995052 0.729448
-18.00000 -18.00019 518.485586 10.169360 0.730032
-19.00000 -18.99643 545.457530 10.342317 0.730569
-20.00000 -19.99402 572.431114 10.516626 0.731065
