-1.000000 -0.980587 0.145848 7.109043 0.828458
-2.000000 -1.974665 0.328908 9.089131 0.808406
-3.000000 -2.968059 0.525891 10.434940 0.798370
-4.000000 -3.959765 0.730734 11.499300 0.792122
-5.000000 -4.947734 0.940933 12.401024 0.787772
-6.000000 -5.940158 1.154799 13.194324 0.784527
-7.000000 -6.928558 1.371556 13.909920 0.781989
-8.000000 -7.895307 1.590532 14.567691 0.779936
-9.000000 -8.908037 1.811326 15.175252 0.778232
-10.00000 -9.898802 2.033808 15.745712 0.776789
-11.00000 -10.89207 2.257751 16.283678 0.775547
-12.00000 -11.87836 2.482691 16.793662 0.774463
-13.00000 -12.86498 2.708770 17.281081 0.773508
-14.00000 -13.27187 2.927107 17.746837 0.772657
-15.00000 -14.81405 3.160674 18.193709 0.771894
-16.00000 -15.84939 3.380762 18.625271 0.771160
-17.00000 -16.84467 3.614283 19.042420 0.770528
-18.00000 -17.83383 3.844176 19.444896 0.769950
-19.00000 -18.86039 4.074597 19.835292 0.769417
-20.00000 -19.85606 4.305426 20.214479 0.768926
-30.00000 -29.94719 6.634588 23.54904 0.765429
-50.00000 -49.56038 11.36145 28.75474 0.761942
-100.0000 -99.88665 23.36614 38.19075 0.758437
-200.0000 -200.9178 47.76912 51.42022 0.755965
-500.0000 -499.8272 121.2571 77.53083 0.753769
-1000.000 -998.8366 244.7077 106.8835 0.752681
-2000.000 -1998.553 492.5018 148.3505 0.751875
