-1.000000 -0.996107 10.665422 3.326867 0.775943
-2.000000 -1.992437 22.082619 4.455076 0.768758
-3.000000 -2.992091 33.776855 5.247871 0.765440
-4.000000 -3.995253 45.577854 5.900629 0.763405
-5.000000 -4.993665 57.441329 6.474333 0.762001
-6.000000 -6.030051 69.369440 6.980277 0.760958
-7.000000 -7.028608 81.352378 7.443305 0.760146
-8.000000 -8.029833 93.361070 7.870195 0.759490
-9.000000 -8.986707 105.39654 8.269981 0.758946
-10.00000 -9.974093 117.45729 8.647180 0.758485
-13.00000 -13.14968 153.78367 9.674878 0.757438
-16.00000 -16.08893 190.24165 10.58060 0.756700
-20.00000 -20.20833 239.01505 11.66025 0.755986
-30.00000 -30.43931 361.46424 13.94603 0.754847
-40.00000 -40.03682 481.66986 15.86569 0.754233
-50.00000 -49.84236 604.13680 17.55477 0.753786
-60.00000 -59.78161 726.60908 19.07257 0.753455
-70.00000 -69.86564 849.33994 20.47406 0.753198
-80.00000 -79.81461 972.26361 21.76518 0.752991
-90.00000 -89.78934 1095.3792 22.98843 0.752820
-100.0000 -99.77247 1218.6661 24.13855 0.752675
-150.0000 -150.0788 1837.4494 29.18438 0.752206
-200.0000 -199.4300 2455.7710 33.43275 0.751891
-300.0000 -299.4727 3698.4724 40.55097 0.751543
-400.0000 -399.6836 4943.3406 46.55097 0.751339
-500.0000 -500.2994 6187.1030 51.83640 0.751190
-600.0000 -599.6343 7431.1516 56.61171 0.751091
-700.0000 -699.8129 8676.7885 61.00343 0.751009
-800.0000 -799.4225 9918.8202 65.09219 0.750946
-900.0000 -899.5624 11166.750 68.92986 0.750884
-1000.000 -999.4156 12405.771 72.55956 0.750845
-10000.00 -9998.964 124720.47 225.4789 0.750267
