-1.000000 -1.001378 4.894851 2.729985 0.754322
-2.000000 -2.073688 9.830437 3.691163 0.753370
-3.000000 -3.039120 14.761010 4.382560 0.752829
-4.000000 -4.056475 19.678621 4.965585 0.752479
-5.000000 -5.050060 24.639396 5.450927 0.752232
-6.000000 -5.994293 29.593877 5.902376 0.752046
-8.000000 -8.044632 39.508308 6.687328 0.751780
-9.000000 -9.208992 44.491921 7.042616 0.751680
-10.00000 -10.215886 49.459254 7.377721 0.751596
-20.00000 -20.012323 99.180775 10.053154 0.751133
-30.00000 -29.993475 148.996461 12.085403 0.750926
-40.00000 -40.072384 197.134005 13.791486 0.750803
-50.00000 -50.137598 247.331267 15.300705 0.750718
-60.00000 -59.754365 297.150485 16.651844 0.750656
-70.00000 -69.716815 347.052377 17.904555 0.750607
-80.00000 -79.711382 396.958303 19.061822 0.750568
-90.00000 -89.363157 446.082168 20.156363 0.751178
-100.0000 -99.362399 494.979916 21.181309 0.750514
