-1.000000 -0.999998 1.016779 4.864766 0.754498
-2.000000 -2.000004 2.035437 5.877455 0.753366
-3.000000 -3.000002 3.057221 6.597449 0.752826
-4.000000 -4.000009 4.080815 7.190067 0.752477
-5.000000 -5.000009 5.105610 7.701380 0.752230
-6.000000 -6.000014 6.131296 8.158491 0.752044
-7.000000 -7.000014 7.157661 8.575852 0.751897
-8.000000 -8.000000 8.184570 8.960692 0.751778
-9.000000 -9.000011 9.211931 9.321141 0.751679
-10.00000 -10.000011 10.239672 9.659005 0.751594
-11.00000 -11.000206 11.267936 9.980753 0.751521
-12.00000 -12.000207 12.296283 10.287419 0.751457
-13.00000 -13.000208 13.324879 10.579695 0.751401
-14.00000 -14.000211 14.353694 10.862080 0.751351
-15.00000 -15.000213 15.382707 11.132773 0.751305
-16.00000 -16.000318 16.412002 11.392974 0.751264
-17.00000 -17.001936 17.443042 11.645427 0.751227
-18.00000 -18.002455 18.473069 11.891540 0.751193
-19.00000 -19.002462 19.502706 12.129067 0.751161
-20.00000 -20.002469 20.532470 12.360087 0.751132
