-1.000000 -1.000109 2.148936 16.669658 0.821887
-2.000000 -2.000109 4.297485 18.644652 0.800464
-3.000000 -3.000038 6.456332 19.955453 0.791687
-4.000000 -4.000109 8.615264 20.986238 0.786259
-5.000000 -5.000179 10.773684 21.856047 0.782491
-6.000000 -6.000179 12.931431 22.617637 0.779685
-7.000000 -7.000179 15.088718 23.306179 0.777493
-8.000000 -8.000178 17.245600 23.932496 0.775721
-9.000000 -9.000209 19.402147 24.512819 0.774250
-10.000000 -10.000208 21.558367 25.056619 0.773004
-11.000000 -11.000207 23.714315 25.569306 0.771931
-12.000000 -12.000206 25.870020 26.054938 0.770995
-13.000000 -13.000150 28.025482 26.517574 0.770169
-14.000000 -14.000148 30.180776 26.958565 0.769433
-15.000000 -15.000147 32.335890 27.383324 0.768772
-16.000000 -16.000185 34.490862 27.791850 0.768173
-17.000000 -17.000147 36.645650 28.186849 0.767629
-18.000000 -18.000145 38.800320 28.568321 0.767130
-19.000000 -19.000186 40.954884 28.937617 0.766671
-20.000000 -20.000184 43.109310 29.296092 0.766247
