-1.000000 -0.999999 1.019056 4.852119 0.754119
-2.000000 -2.000004 2.039032 5.861194 0.753092
-3.000000 -3.000002 3.061836 6.582092 0.752602
-4.000000 -4.000009 4.086289 7.171999 0.752283
-5.000000 -5.000009 5.111842 7.683313 0.752057
-6.000000 -6.000014 6.138211 8.138616 0.751886
-7.000000 -7.000014 7.165204 8.555978 0.751751
-8.000000 -8.000000 8.192698 8.939011 0.751641
-9.000000 -9.000204 9.220807 9.298174 0.751550
-10.00000 -10.000137 10.248996 9.636316 0.751472
-11.00000 -11.000206 11.277624 9.959169 0.751405
-12.00000 -12.000309 12.306546 10.265385 0.751346
-13.00000 -13.001937 13.337284 10.554953 0.751294
-14.00000 -14.001293 14.365865 10.834870 0.751248
-15.00000 -15.001950 15.395966 11.106200 0.751206
-16.00000 -16.001949 16.425563 11.365510 0.751168
-17.00000 -17.002460 17.455836 11.618221 0.751134
-18.00000 -18.002465 18.485719 11.863883 0.751102
-19.00000 -19.002471 19.515726 12.101410 0.751073
-20.00000 -20.002479 20.545850 12.332430 0.751046
