-1.000000 -0.999975 0.974285 5.088804 0.761615
-2.000000 -2.000003 1.968187 6.155696 0.758511
-3.000000 -3.000003 2.970811 6.917246 0.757036
-4.000000 -4.000007 3.978227 7.538772 0.756122
-5.000000 -5.000007 4.988783 8.075380 0.755488
-6.000000 -6.000011 6.001606 8.552364 0.755016
-7.000000 -7.000011 7.016152 8.987794 0.754647
-8.000000 -7.999976 8.032065 9.390701 0.754348
-9.000000 -8.999976 9.049105 9.764701 0.754101
-10.00000 -9.999975 10.067089 10.118826 0.753891
-11.00000 -10.999975 11.085878 10.453077 0.753710
-12.00000 -11.999974 12.105366 10.772873 0.753552
-13.00000 -13.000089 13.125588 11.077016 0.753413
-14.00000 -14.002235 14.148453 11.369306 0.753289
-15.00000 -15.002232 15.169584 11.650759 0.753178
-16.00000 -16.002228 16.191154 11.922451 0.753077
-17.00000 -17.002223 17.213122 12.186009 0.752985
-18.00000 -18.002216 18.235454 12.441432 0.752901
-19.00000 -19.002207 19.258121 12.688720 0.752823
-20.00000 -20.002194 20.281095 12.929501 0.752752
