-1.000000 1.000000 -1.000014 0.765030 2.313620 0.663969 0.003892 0.000974
-2.000000 1.000000 -2.000007 1.408324 2.992058 0.688872 0.005014 0.000739
-3.000000 1.000000 -3.000005 2.017930 3.484401 0.700325 0.005650 0.000372
-4.000000 1.000000 -4.000022 2.609993 3.883695 0.707130 0.006083 0.000315
-5.000000 1.000000 -5.000022 3.190851 4.239627 0.711753 0.006406 0.000396
-6.000000 1.000000 -6.000031 3.763795 4.550390 0.715151 0.006662 0.000874
-7.000000 1.000000 -7.000031 4.330761 4.841278 0.717782 0.006900 0.000874
-8.000000 1.000000 -8.000022 4.893006 5.108679 0.719897 0.007046 0.000396
-9.000000 1.000000 -9.000018 5.451410 5.357108 0.721645 0.007197 0.000396
-10.000000 1.000000 -10.000018 6.006603 5.591084 0.723121 0.007328 0.000396
-11.000000 1.000000 -11.000018 6.559061 5.816025 0.724388 0.007445 0.000396
-12.000000 1.000000 -12.000018 7.109160 6.028320 0.725492 0.007548 0.000396
-13.000000 1.000000 -13.000018 7.657184 6.232484 0.726465 0.007660 0.000251
-14.000000 1.000000 -14.000018 8.203373 6.430324 0.727330 0.007727 0.000251
-15.000000 1.000000 -15.000013 8.747920 6.617324 0.728107 0.007804 0.000101
-16.000000 1.000000 -16.000013 9.290993 6.801011 0.728809 0.007875 0.000101
-17.000000 1.000000 -17.000013 9.832727 6.977471 0.729448 0.007941 0.000101
-18.000000 1.000000 -18.000013 10.373239 7.149114 0.730032 0.008002 0.000101
-19.000000 1.000000 -19.000013 10.912630 7.315336 0.730569 0.008059 0.000101
-20.000000 1.000000 -20.000014 11.450990 7.478546 0.731065 0.008112 0.000101
