-1.000000 -1.000014 76.506962 5.354862 0.663971
-2.000000 -2.000007 140.829442 6.108833 0.688873
-3.000000 -3.000003 201.793772 6.639254 0.700325
-4.000000 -4.000005 260.998952 7.068740 0.707130
-5.000000 -5.000002 319.084184 7.434548 0.711753
-6.000000 -6.000007 376.378174 7.763775 0.715151
-7.000000 -7.000005 433.075081 8.061841 0.717782
-8.000000 -8.000007 489.300066 8.337552 0.719897
-9.000000 -9.001898 545.235532 8.599783 0.721645
-10.00000 -10.001898 600.753936 8.842733 0.723121
-11.00000 -11.001898 656.000054 9.070499 0.724389
-12.00000 -12.001265 710.978178 9.286876 0.725492
-13.00000 -13.001263 765.780697 9.495662 0.726465
-14.00000 -14.001894 820.431034 9.696855 0.727330
-15.00000 -15.003518 874.968220 9.888829 0.728107
-16.00000 -16.003515 929.274184 10.079176 0.728809
-17.00000 -17.003510 983.447823 10.255423 0.729447
-18.00000 -18.003503 1037.499149 10.431670 0.730032
-19.00000 -19.002320 1091.379570 10.600868 0.730569
-20.00000 -20.002310 1145.215525 10.770065 0.731065
