-1.000000 0.550000 -1.000012 0.726603 1.845217 0.010000 0.010000 0.449350 0.000790
-1.000000 0.600000 -1.000011 0.746157 1.887224 0.010000 0.010000 0.473762 0.000790
-1.000000 0.650000 -1.000010 0.765235 1.932393 0.010000 0.010000 0.494762 0.000790
-1.000000 0.700000 -1.000009 0.783884 1.977111 0.010000 0.010000 0.513050 0.000790
-1.000000 0.750000 -1.000011 0.802152 2.022731 0.010000 0.010000 0.529145 0.000432
-1.000000 0.800000 -1.000009 0.820050 2.067449 0.010000 0.010000 0.543441 0.000396
-1.000000 0.850000 -1.000008 0.837616 2.114424 0.010000 0.010000 0.556241 0.000397
-1.000000 0.900000 -1.000007 0.854869 2.160045 0.010000 0.010000 0.567784 0.000397
-1.000000 0.950000 -1.000006 0.871829 2.206118 0.010000 0.010000 0.578260 0.000378
-1.000000 1.000000 -1.000005 0.888512 2.252642 0.010000 0.010000 0.587821 0.000380
-1.000000 1.050000 -1.000003 0.904932 2.296456 0.010000 0.010000 0.596594 0.000381
-1.000000 1.100000 -1.000002 0.921102 2.338463 0.010000 0.010000 0.604679 0.000383
-1.000000 1.150000 -1.000003 0.937034 2.384535 0.010000 0.010000 0.612163 0.000427
-1.000000 1.200000 -1.000002 0.952737 2.428349 0.010000 0.010000 0.619117 0.000397
-1.000000 1.250000 -1.000001 0.968247 2.471260 0.010000 0.010000 0.625603 0.000397
-1.000000 1.300000 -1.000000 0.983528 2.516429 0.010000 0.010000 0.631670 0.000397
-1.000000 1.350000 -0.999999 0.998594 2.559791 0.010000 0.010000 0.637363 0.000397
-1.000000 1.400000 -0.999999 1.013464 2.600895 0.010000 0.010000 0.642720 0.000397
-1.000000 1.450000 -0.999998 1.028143 2.646064 0.010000 0.010000 0.647774 0.000397
-1.000000 1.500000 -0.999997 1.042638 2.687168 0.010000 0.010000 0.652554 0.000397
-1.000000 1.550000 -0.999996 1.056954 2.730530 0.010000 0.010000 0.657084 0.000397
-1.000000 1.600000 -0.999995 1.071098 2.769827 0.010000 0.010000 0.661387 0.000397
-1.000000 1.650000 -0.999994 1.085073 2.810931 0.010000 0.010000 0.665481 0.000397
-1.000000 1.700000 -0.999994 1.098886 2.852486 0.010000 0.010000 0.669385 0.000398
-1.000000 1.750000 -0.999993 1.112539 2.896300 0.010000 0.010000 0.673114 0.000398
-1.000000 1.800000 -0.999992 1.126038 2.936049 0.010000 0.010000 0.676680 0.000398
-1.000000 1.850000 -0.999991 1.139387 2.976249 0.010000 0.010000 0.680097 0.000398
-1.000000 1.900000 -0.999989 1.152589 3.016901 0.010000 0.010000 0.683375 0.000398
-1.000000 1.950000 -0.999993 1.165672 3.057554 0.010000 0.010000 0.686524 0.000988
-1.000000 2.000000 -0.999991 1.178606 3.095947 0.010000 0.010000 0.689554 0.000971
-1.000000 2.050000 -0.999988 1.191392 3.134793 0.010000 0.010000 0.692471 0.000956
-1.000000 2.100000 -0.999985 1.204042 3.175445 0.010000 0.010000 0.695284 0.000941
-1.000000 2.150000 -0.999982 1.216562 3.214742 0.010000 0.010000 0.698000 0.000928
-1.000000 2.200000 -0.999977 1.228955 3.249522 0.010000 0.010000 0.700623 0.000916
-1.000000 2.250000 -0.999989 1.241223 3.287464 0.010000 0.010000 0.703161 0.000905
-1.000000 2.300000 -0.999982 1.253370 3.325406 0.010000 0.010000 0.705618 0.000894
-1.000000 2.350000 -0.999974 1.265397 3.364251 0.010000 0.010000 0.707998 0.000885
-1.000000 2.400000 -0.999963 1.277308 3.402193 0.010000 0.010000 0.710306 0.000876
-1.000000 2.450000 -0.999949 1.289094 3.437425 0.010000 0.010000 0.712547 0.000791
-1.000000 2.500000 -0.999934 1.300779 3.475367 0.010000 0.010000 0.714723 0.000791
-1.000000 2.550000 -0.999915 1.312355 3.512406 0.010000 0.010000 0.716838 0.000791
-1.000000 2.600000 -0.999893 1.323824 3.547637 0.010000 0.010000 0.718895 0.000791
-1.000000 2.650000 -0.999867 1.335187 3.582869 0.010000 0.010000 0.720898 0.000791
-1.000000 2.700000 -0.999837 1.346446 3.620811 0.010000 0.010000 0.722848 0.000790
-1.000000 2.750000 -0.999801 1.357605 3.654236 0.010000 0.010000 0.724749 0.000790
-1.000000 2.800000 -0.999760 1.368664 3.689016 0.010000 0.010000 0.726603 0.000790
-1.000000 2.850000 -0.999712 1.379625 3.724700 0.010000 0.010000 0.728411 0.000790
-1.000000 2.900000 -0.999658 1.390491 3.758577 0.010000 0.010000 0.730177 0.000790
-1.000000 2.950000 -0.999596 1.401262 3.792453 0.010000 0.010000 0.731901 0.000790
-1.000000 3.000000 -0.999526 1.411941 3.826782 0.010000 0.010000 0.733586 0.000790
-1.000000 3.050000 -0.999446 1.422530 3.861110 0.010000 0.010000 0.735234 0.000790
-1.000000 3.100000 -0.999358 1.433029 3.894084 0.010000 0.010000 0.736845 0.000790
-1.000000 3.150000 -0.999259 1.443440 3.926605 0.010000 0.010000 0.738422 0.000790
-1.000000 3.200000 -0.999148 1.453765 3.960031 0.010000 0.010000 0.739966 0.000790
-1.000000 3.250000 -0.999026 1.464006 3.992101 0.010000 0.010000 0.741479 0.000790
-1.000000 3.300000 -0.998892 1.474163 4.025074 0.010000 0.010000 0.742960 0.000790
-1.000000 3.350000 -0.998744 1.484238 4.056692 0.010000 0.010000 0.744412 0.000790
-1.000000 3.400000 -0.998582 1.494233 4.089214 0.010000 0.010000 0.745836 0.000790
-1.000000 3.450000 -0.998406 1.504148 4.120381 0.010000 0.010000 0.747233 0.000790
-1.000000 3.500000 -0.998213 1.513985 4.151999 0.010000 0.010000 0.748604 0.000790
-2.000000 0.550000 -2.000012 1.292638 2.350658 0.010000 0.734963 0.511856 0.000739
-2.000000 0.600000 -2.000011 1.339409 2.417960 0.010000 0.762064 0.529009 0.000739
-2.000000 0.650000 -2.000010 1.385339 2.481197 0.010000 0.789843 0.543776 0.000739
-2.000000 0.700000 -2.000009 1.430500 2.542175 0.010000 0.811524 0.556646 0.000739
-2.000000 0.750000 -2.000008 1.474958 2.606767 0.010000 0.835238 0.567980 0.000739
-2.000000 0.800000 -2.000007 1.518774 2.666842 0.010000 0.843368 0.578055 0.000739
-2.000000 0.850000 -2.000006 1.561985 2.732337 0.010000 0.864372 0.587083 0.000739
-2.000000 0.900000 -2.000005 1.604619 2.795122 0.010000 0.893506 0.595230 0.000739
-2.000000 0.950000 -2.000003 1.646727 2.854293 0.010000 0.896216 0.602630 0.000739
-2.000000 1.000000 -2.000002 1.688311 2.915723 0.010000 0.915187 0.609389 0.000739
-2.000000 1.050000 -2.000001 1.729413 2.978959 0.010000 0.932803 0.615595 0.000739
-2.000000 1.100000 -2.000000 1.770064 3.040841 0.010000 0.944999 0.621320 0.000739
-2.000000 1.150000 -2.000001 1.810273 3.100916 0.010000 0.958549 0.626623 0.000739
-2.000000 1.200000 -2.000000 1.850059 3.164604 0.010000 0.969390 0.631556 0.000739
-2.000000 1.250000 -1.999999 1.889436 3.225582 0.010000 0.988361 0.636159 0.000739
-2.000000 1.300000 -1.999999 1.928421 3.286560 0.010000 0.999201 0.640470 0.000739
-2.000000 1.350000 -1.999998 1.967025 3.344377 0.010000 1.006654 0.644519 0.000739
-2.000000 1.400000 -1.999997 2.005260 3.404000 0.010000 1.015462 0.648333 0.000739
-2.000000 1.450000 -1.999996 2.043138 3.464828 0.010000 1.028335 0.651935 0.000739
-2.000000 1.500000 -1.999995 2.080668 3.525053 0.010000 1.035111 0.655344 0.000739
-2.000000 1.550000 -1.999995 2.117859 3.582869 0.010000 1.045274 0.658579 0.000739
-2.000000 1.600000 -1.999994 2.154721 3.644299 0.010000 1.058825 0.661655 0.000739
-2.000000 1.650000 -1.999993 2.191262 3.703922 0.010000 1.065600 0.664585 0.000739
-2.000000 1.700000 -1.999992 2.227491 3.761739 0.010000 1.075763 0.667382 0.000739
-2.000000 1.750000 -1.999991 2.263413 3.820458 0.010000 1.079151 0.670056 0.000739
-2.000000 1.800000 -1.999990 2.299040 3.875564 0.010000 1.088636 0.672617 0.000739
-2.000000 1.850000 -1.999988 2.334373 3.936091 0.010000 1.095411 0.675073 0.000739
-2.000000 1.900000 -1.999986 2.369423 3.990294 0.010000 1.107607 0.677432 0.000739
-2.000000 1.950000 -1.999983 2.404192 4.049013 0.010000 1.114382 0.679701 0.000739
-2.000000 2.000000 -1.999980 2.438689 4.105926 0.010000 1.119803 0.681887 0.000739
-2.000000 2.050000 -1.999975 2.472920 4.162839 0.010000 1.127256 0.683995 0.000739
-2.000000 2.100000 -1.999969 2.506887 4.217946 0.010000 1.133353 0.686029 0.000739
-2.000000 2.150000 -1.999961 2.540598 4.273052 0.010000 1.136064 0.687996 0.000739
-2.000000 2.200000 -1.999951 2.574056 4.329061 0.010000 1.144872 0.689899 0.000739
-2.000000 2.250000 -1.999956 2.607266 4.385974 0.010000 1.148259 0.691741 0.000739
-2.000000 2.300000 -1.999940 2.640234 4.441081 0.010000 1.157067 0.693528 0.000739
-2.000000 2.350000 -1.999921 2.672963 4.493928 0.010000 1.159777 0.695261 0.000739
-2.000000 2.400000 -1.999897 2.705458 4.548583 0.010000 1.165198 0.696944 0.000739
-2.000000 2.450000 -1.999868 2.737722 4.602786 0.010000 1.171295 0.698580 0.000739
-2.000000 2.500000 -1.999833 2.769760 4.655633 0.010000 1.180103 0.700171 0.000739
-2.000000 2.550000 -1.999790 2.801577 4.709384 0.010000 1.185524 0.701719 0.000739
-2.000000 2.600000 -1.999740 2.833173 4.762684 0.010000 1.186879 0.703228 0.000739
-2.000000 2.650000 -1.999680 2.864554 4.814628 0.010000 1.194332 0.704698 0.000739
-2.000000 2.700000 -1.999611 2.895724 4.867024 0.010000 1.195687 0.706133 0.000739
-2.000000 2.750000 -1.999529 2.926684 4.918969 0.010000 1.200429 0.707532 0.000739
-2.000000 2.800000 -1.999436 2.957439 4.970461 0.010000 1.207882 0.708899 0.000739
-2.000000 2.850000 -1.999328 2.987993 5.022406 0.010000 1.211948 0.710235 0.000739
-2.000000 2.900000 -1.999205 3.018347 5.073447 0.010000 1.214658 0.711541 0.000739
-2.000000 2.950000 -1.999065 3.048505 5.123133 0.010000 1.220755 0.712818 0.000739
-2.000000 3.000000 -1.998908 3.078471 5.173722 0.010000 1.220078 0.714069 0.000739
-2.000000 3.050000 -1.998731 3.108245 5.224311 0.010000 1.227531 0.715293 0.000739
-2.000000 3.100000 -1.998533 3.137832 5.273997 0.010000 1.232274 0.716492 0.000739
-2.000000 3.150000 -1.998312 3.167234 5.322780 0.010000 1.232274 0.717668 0.000739
-2.000000 3.200000 -1.998068 3.196454 5.372014 0.010000 1.236339 0.718820 0.000739
-2.000000 3.250000 -1.997799 3.225494 5.421248 0.010000 1.240404 0.719951 0.000739
-2.000000 3.300000 -1.997502 3.254355 5.469579 0.010000 1.245824 0.721060 0.000739
-2.000000 3.350000 -1.997177 3.283043 5.517458 0.010000 1.248534 0.722149 0.000739
-2.000000 3.400000 -1.996822 3.311558 5.564886 0.010000 1.252600 0.723219 0.000739
-2.000000 3.450000 -1.996435 3.339903 5.611861 0.010000 1.255310 0.724269 0.000739
-2.000000 3.500000 -1.996016 3.368080 5.659741 0.010000 1.258020 0.725302 0.000739
-3.000000 0.550000 -3.000007 1.812098 2.721948 0.010000 1.109414 0.540855 0.000317
-3.000000 0.600000 -3.000007 1.887670 2.806866 0.010000 1.152776 0.554727 0.000372
-3.000000 0.650000 -2.999978 1.962085 2.880039 0.010000 1.185750 0.566675 0.000372
-3.000000 0.700000 -3.000004 2.035452 2.953665 0.010000 1.218723 0.577092 0.000388
-3.000000 0.750000 -3.000002 2.107893 3.029549 0.010000 1.253955 0.586271 0.000372
-3.000000 0.800000 -3.000006 2.179501 3.104078 0.010000 1.281056 0.594432 0.000466
-3.000000 0.850000 -3.000004 2.250198 3.181317 0.010000 1.318095 0.601748 0.000429
-3.000000 0.900000 -3.000004 2.320177 3.256297 0.010000 1.338647 0.608352 0.000403
-3.000000 0.950000 -3.000003 2.389436 3.330374 0.010000 1.371846 0.614353 0.000403
-3.000000 1.000000 -3.000007 2.458017 3.403097 0.010000 1.397592 0.619835 0.000973
-3.000000 1.050000 -3.000006 2.525948 3.479884 0.010000 1.417918 0.624871 0.000920
-3.000000 1.100000 -3.000004 2.593254 3.551251 0.010000 1.445020 0.629518 0.000372
-3.000000 1.150000 -3.000004 2.659944 3.627587 0.010000 1.465346 0.633824 0.000372
-3.000000 1.200000 -3.000004 2.726061 3.700760 0.010000 1.487027 0.637829 0.000372
-3.000000 1.250000 -3.000004 2.791623 3.772127 0.010000 1.499222 0.641569 0.000372
-3.000000 1.300000 -3.000003 2.856644 3.846205 0.010000 1.530389 0.645072 0.000372
-3.000000 1.350000 -3.000003 2.921144 3.918927 0.010000 1.541230 0.648364 0.000439
-3.000000 1.400000 -3.000003 2.985138 3.989842 0.010000 1.565621 0.651465 0.000439
-3.000000 1.450000 -3.000003 3.048640 4.059854 0.010000 1.577817 0.654394 0.000439
-3.000000 1.500000 -3.000003 3.111664 4.130318 0.010000 1.597465 0.657168 0.000439
-3.000000 1.550000 -3.000003 3.174222 4.203943 0.010000 1.612371 0.659800 0.000439
-3.000000 1.600000 -3.000002 3.236326 4.272751 0.010000 1.627954 0.662304 0.000439
-3.000000 1.650000 -3.000002 3.297985 4.345322 0.010000 1.645570 0.664690 0.000439
-3.000000 1.700000 -3.000002 3.359212 4.417141 0.010000 1.657766 0.666969 0.000439
-3.000000 1.750000 -3.000001 3.420015 4.486250 0.010000 1.672672 0.669148 0.000365
-3.000000 1.800000 -2.999999 3.480404 4.555810 0.010000 1.690287 0.671235 0.000365
-3.000000 1.850000 -2.999999 3.540389 4.622660 0.010000 1.703161 0.673238 0.000504
-3.000000 1.900000 -2.999996 3.599975 4.692220 0.010000 1.717389 0.675162 0.000492
-3.000000 1.950000 -2.999992 3.659172 4.763587 0.010000 1.731617 0.677014 0.000480
-3.000000 2.000000 -2.999985 3.717985 4.832244 0.010000 1.742458 0.678798 0.000365
-3.000000 2.050000 -2.999978 3.776426 4.898191 0.010000 1.751943 0.680519 0.000365
-3.000000 2.100000 -2.999968 3.834499 4.965493 0.010000 1.764139 0.682182 0.000365
-3.000000 2.150000 -2.999955 3.892211 5.032795 0.010000 1.775657 0.683789 0.000440
-3.000000 2.200000 -2.999938 3.949568 5.098741 0.010000 1.787175 0.685344 0.000440
-3.000000 2.250000 -2.999918 4.006580 5.166495 0.010000 1.798693 0.686851 0.000992
-3.000000 2.300000 -2.999890 4.063245 5.232442 0.010000 1.810211 0.688313 0.000974
-3.000000 2.350000 -2.999856 4.119574 5.299292 0.010000 1.821052 0.689731 0.000957
-3.000000 2.400000 -2.999814 4.175571 5.365239 0.010000 1.829182 0.691109 0.000941
-3.000000 2.450000 -2.999762 4.231241 5.429379 0.010000 1.840700 0.692449 0.000925
-3.000000 2.500000 -2.999700 4.286590 5.493519 0.010000 1.852218 0.693753 0.000910
-3.000000 2.550000 -2.999625 4.341623 5.557659 0.010000 1.863736 0.695023 0.000896
-3.000000 2.600000 -2.999537 4.396344 5.623605 0.010000 1.872544 0.696260 0.000883
-3.000000 2.650000 -2.999433 4.450758 5.685939 0.010000 1.879320 0.697467 0.000871
-3.000000 2.700000 -2.999312 4.504869 5.748272 0.010000 1.887450 0.698644 0.000858
-3.000000 2.750000 -2.999172 4.558682 5.811508 0.010000 1.896258 0.699794 0.000847
-3.000000 2.800000 -2.999010 4.612202 5.873390 0.010000 1.907776 0.700917 0.000836
-3.000000 2.850000 -2.998825 4.665431 5.936175 0.010000 1.913197 0.702016 0.000825
-3.000000 2.900000 -2.998614 4.718374 5.997153 0.010000 1.921327 0.703090 0.000815
-3.000000 2.950000 -2.998376 4.771035 6.059035 0.010000 1.932168 0.704141 0.000805
-3.000000 3.000000 -2.998107 4.823418 6.119561 0.010000 1.938265 0.705170 0.000796
-3.000000 3.050000 -2.997806 4.875527 6.180539 0.010000 1.945041 0.706178 0.000787
-3.000000 3.100000 -2.997471 4.927364 6.241066 0.010000 1.954526 0.707167 0.000779
-3.000000 3.150000 -2.997099 4.978934 6.301141 0.010000 1.962657 0.708136 0.000770
-3.000000 3.200000 -2.996687 5.030240 6.360312 0.010000 1.969432 0.709086 0.000762
-3.000000 3.250000 -2.996233 5.081284 6.418580 0.010000 1.974852 0.710019 0.000755
-3.000000 3.300000 -2.995736 5.132071 6.477751 0.010000 1.980273 0.710935 0.000747
-3.000000 3.350000 -2.995192 5.182604 6.536923 0.010000 1.985015 0.711835 0.000740
-3.000000 3.400000 -2.994599 5.232885 6.594288 0.010000 1.991791 0.712719 0.000733
-3.000000 3.450000 -2.993955 5.282918 6.651652 0.010000 1.998566 0.713588 0.000727
-3.000000 3.500000 -2.993258 5.332705 6.709469 0.010000 2.006019 0.714442 0.000721
-4.000000 0.550000 -4.000021 2.306982 3.027742 0.010000 1.406174 0.558097 0.000205
-4.000000 0.600000 -4.000001 2.412159 3.114467 0.010000 1.456011 0.570040 0.000079
-4.000000 0.650000 -4.000016 2.515921 3.203449 0.010000 1.504793 0.580329 0.000222
-4.000000 0.700000 -4.000025 2.618401 3.291981 0.010000 1.548457 0.589301 0.000444
-4.000000 0.750000 -4.000021 2.719743 3.380060 0.010000 1.594077 0.597209 0.000410
-4.000000 0.800000 -4.000016 2.820002 3.463623 0.010000 1.634278 0.604241 0.000201
-4.000000 0.850000 -4.000004 2.919259 3.549896 0.010000 1.674361 0.610539 0.000031
-4.000000 0.900000 -4.000019 3.017595 3.635416 0.010000 1.711065 0.616239 0.000346
-4.000000 0.950000 -4.000013 3.115033 3.722441 0.010000 1.746297 0.621411 0.000197
-4.000000 1.000000 -3.999995 3.211641 3.805101 0.010000 1.780625 0.626139 0.000321
-4.000000 1.050000 -3.999975 3.307440 3.890922 0.010000 1.813448 0.630481 0.000196
-4.000000 1.100000 -4.000010 3.402479 3.972678 0.010000 1.845970 0.634488 0.000129
-4.000000 1.150000 -3.999999 3.496774 4.056542 0.010000 1.876233 0.638202 0.000010
-4.000000 1.200000 -4.000011 3.590383 4.141158 0.010000 1.904840 0.641658 0.000398
-4.000000 1.250000 -4.000013 3.683293 4.224721 0.010000 1.933748 0.644884 0.000397
-4.000000 1.300000 -4.000013 3.775539 4.306477 0.010000 1.959495 0.647907 0.000397
-4.000000 1.350000 -3.999992 3.867146 4.388233 0.010000 1.987951 0.650747 0.000397
-4.000000 1.400000 -4.000013 3.958129 4.468634 0.010000 2.012794 0.653423 0.000397
-4.000000 1.450000 -4.000012 4.048507 4.550841 0.010000 2.034475 0.655951 0.000370
-4.000000 1.500000 -4.000012 4.138289 4.631694 0.010000 2.058867 0.658346 0.000272
-4.000000 1.550000 -4.000011 4.227510 4.711191 0.010000 2.083258 0.660619 0.000397
-4.000000 1.600000 -4.000011 4.316163 4.792044 0.010000 2.104487 0.662781 0.000397
-4.000000 1.650000 -4.000015 4.404274 4.872445 0.010000 2.127523 0.664841 0.000906
-4.000000 1.700000 -4.000014 4.491843 4.953297 0.010000 2.146494 0.666809 0.000903
-4.000000 1.750000 -4.000012 4.578889 5.029633 0.010000 2.166821 0.668691 0.000901
-4.000000 1.800000 -4.000010 4.665421 5.110485 0.010000 2.187147 0.670494 0.000899
-4.000000 1.850000 -4.000006 4.751450 5.190435 0.010000 2.207021 0.672225 0.000897
-4.000000 1.900000 -4.000001 4.836986 5.266770 0.010000 2.225089 0.673888 0.000895
-4.000000 1.950000 -3.999995 4.922039 5.344461 0.010000 2.245415 0.675488 0.000894
-4.000000 2.000000 -3.999986 5.006617 5.419893 0.010000 2.263482 0.677030 0.000892
-4.000000 2.050000 -3.999973 5.090728 5.497132 0.010000 2.281550 0.678518 0.000891
-4.000000 2.100000 -3.999957 5.174382 5.575726 0.010000 2.296004 0.679955 0.000890
-4.000000 2.150000 -3.999936 5.257585 5.649803 0.010000 2.315878 0.681345 0.000889
-4.000000 2.200000 -3.999908 5.340346 5.725687 0.010000 2.330332 0.682690 0.000888
-4.000000 2.250000 -3.999873 5.422671 5.802475 0.010000 2.344335 0.683994 0.000887
-4.000000 2.300000 -3.999829 5.504568 5.878359 0.010000 2.360144 0.685258 0.000886
-4.000000 2.350000 -3.999775 5.586042 5.950629 0.010000 2.378212 0.686486 0.000886
-4.000000 2.400000 -3.999708 5.667101 6.026513 0.010000 2.391762 0.687678 0.000885
-4.000000 2.450000 -3.999627 5.747752 6.098783 0.010000 2.407571 0.688838 0.000884
-4.000000 2.500000 -3.999530 5.827998 6.172409 0.010000 2.421574 0.689967 0.000884
-4.000000 2.550000 -3.999414 5.907848 6.245131 0.010000 2.433318 0.691066 0.000883
-4.000000 2.600000 -3.999277 5.987306 6.318305 0.010000 2.449127 0.692138 0.000883
-4.000000 2.650000 -3.999116 6.066378 6.389672 0.010000 2.461323 0.693183 0.000882
-4.000000 2.700000 -3.998929 6.145068 6.461491 0.010000 2.471711 0.694203 0.000882
-4.000000 2.750000 -3.998713 6.223383 6.532858 0.010000 2.484810 0.695199 0.000882
-4.000000 2.800000 -3.998465 6.301327 6.602870 0.010000 2.497458 0.696172 0.000881
-4.000000 2.850000 -3.998182 6.378905 6.674237 0.010000 2.510105 0.697124 0.000881
-4.000000 2.900000 -3.997861 6.456123 6.743797 0.010000 2.524559 0.698055 0.000881
-4.000000 2.950000 -3.997499 6.532983 6.813357 0.010000 2.535400 0.698967 0.000880
-4.000000 3.000000 -3.997092 6.609492 6.882466 0.010000 2.547144 0.699860 0.000880
-4.000000 3.050000 -3.996637 6.685652 6.951123 0.010000 2.556629 0.700734 0.000880
-4.000000 3.100000 -3.996131 6.761470 7.018876 0.010000 2.567018 0.701592 0.000880
-4.000000 3.150000 -3.995570 6.836947 7.087985 0.010000 2.581472 0.702433 0.000879
-4.000000 3.200000 -3.994952 6.912089 7.155287 0.010000 2.589603 0.703258 0.000879
-4.000000 3.250000 -3.994272 6.986900 7.221685 0.010000 2.599088 0.704068 0.000879
-4.000000 3.300000 -3.993528 7.061383 7.288084 0.010000 2.612639 0.704864 0.000879
-4.000000 3.350000 -3.992717 7.135542 7.354482 0.010000 2.622576 0.705645 0.000879
-4.000000 3.400000 -3.991834 7.209381 7.420881 0.010000 2.631610 0.706413 0.000878
-4.000000 3.450000 -3.990878 7.282903 7.486827 0.010000 2.640644 0.707168 0.000878
-4.000000 3.500000 -3.989844 7.356111 7.551871 0.010000 2.649677 0.707911 0.000878
-5.000000 0.550000 -4.999983 2.786283 3.288819 0.010000 1.661781 0.569809 0.000361
-5.000000 0.600000 -5.000032 2.921518 3.388944 0.010000 1.722357 0.580449 0.000362
-5.000000 0.650000 -5.000025 3.055118 3.490724 0.010000 1.783034 0.589617 0.000219
-5.000000 0.700000 -5.000005 3.187238 3.584676 0.010000 1.838442 0.597613 0.000204
-5.000000 0.750000 -5.000026 3.318030 3.681488 0.010000 1.890537 0.604661 0.000362
-5.000000 0.800000 -5.000010 3.447570 3.777096 0.010000 1.942029 0.610929 0.000362
-5.000000 0.850000 -5.000015 3.575944 3.874209 0.010000 1.990210 0.616550 0.000251
-5.000000 0.900000 -5.000019 3.703246 3.967709 0.010000 2.033120 0.621625 0.000370
-5.000000 0.950000 -5.000020 3.829518 4.061661 0.010000 2.078741 0.626237 0.000362
-5.000000 1.000000 -5.000016 3.954810 4.157871 0.010000 2.122555 0.630452 0.000396
-5.000000 1.050000 -5.000017 4.079174 4.250919 0.010000 2.162755 0.634324 0.000251
-5.000000 1.100000 -5.000003 4.202648 4.341408 0.010000 2.200246 0.637898 0.000251
-5.000000 1.150000 -5.000013 4.325269 4.432047 0.010000 2.238188 0.641210 0.000396
-5.000000 1.200000 -5.000008 4.447058 4.523062 0.010000 2.273269 0.644292 0.000058
-5.000000 1.250000 -4.999997 4.568061 4.614981 0.010000 2.310006 0.647170 0.000251
-5.000000 1.300000 -4.999994 4.688290 4.705319 0.010000 2.343431 0.649866 0.000396
-5.000000 1.350000 -5.000011 4.807774 4.796109 0.010000 2.374749 0.652400 0.000362
-5.000000 1.400000 -5.000011 4.926527 4.887802 0.010000 2.404410 0.654787 0.000251
-5.000000 1.450000 -5.000011 5.044576 4.975882 0.010000 2.437383 0.657043 0.000251
-5.000000 1.500000 -5.000007 5.161937 5.065316 0.010000 2.466743 0.659180 0.000251
-5.000000 1.550000 -5.000381 5.279022 5.153240 0.100000 2.496220 0.661208 0.000088
-5.000000 1.600000 -5.000368 5.395058 5.241373 0.100000 2.524998 0.663137 0.000083
-5.000000 1.650000 -5.000355 5.510453 5.327707 0.100000 2.548830 0.664976 0.000078
-5.000000 1.700000 -5.000343 5.625221 5.416739 0.100000 2.576708 0.666732 0.000074
-5.000000 1.750000 -5.000330 5.739377 5.503073 0.100000 2.603688 0.668411 0.000070
-5.000000 1.800000 -5.000317 5.852931 5.591206 0.100000 2.628868 0.670021 0.000072
-5.000000 1.850000 -5.000302 5.965897 5.675741 0.100000 2.654499 0.671565 0.000076
-5.000000 1.900000 -5.000286 6.078285 5.760726 0.100000 2.677881 0.673050 0.000082
-5.000000 1.950000 -5.000268 6.190106 5.846611 0.100000 2.700813 0.674478 0.000084
-5.000000 2.000000 -5.000246 6.301369 5.932045 0.100000 2.721498 0.675855 0.000090
-5.000000 2.050000 -5.000220 6.412085 6.016131 0.100000 2.744880 0.677183 0.000094
-5.000000 2.100000 -5.000188 6.522263 6.100667 0.100000 2.766014 0.678466 0.000098
-5.000000 2.150000 -5.000150 6.631912 6.183853 0.100000 2.787148 0.679707 0.000101
-5.000000 2.200000 -5.000102 6.741040 6.267939 0.100000 2.807832 0.680909 0.000104
-5.000000 2.250000 -5.000061 6.849656 6.349776 0.100000 2.828516 0.682073 0.000047
-5.000000 2.300000 -4.999991 6.957767 6.432063 0.100000 2.849200 0.683202 0.000046
-5.000000 2.350000 -4.999906 7.065381 6.514800 0.100000 2.868985 0.684298 0.000044
-5.000000 2.400000 -4.999803 7.172505 6.595738 0.100000 2.886971 0.685364 0.000043
-5.000000 2.450000 -4.999680 7.279147 6.676227 0.100000 2.907206 0.686400 0.000042
-5.000000 2.500000 -4.999533 7.385313 6.757615 0.100000 2.925642 0.687408 0.000041
-5.000000 2.550000 -4.999361 7.491009 6.837654 0.100000 2.942729 0.688390 0.000040
-5.000000 2.600000 -4.999158 7.596243 6.916793 0.100000 2.959816 0.689348 0.000039
-5.000000 2.650000 -4.998922 7.701020 6.995033 0.100000 2.977802 0.690282 0.000038
-5.000000 2.700000 -4.998649 7.805347 7.074623 0.100000 2.993090 0.691193 0.000038
-5.000000 2.750000 -4.998335 7.909229 7.152413 0.100000 3.010177 0.692083 0.000037
-5.000000 2.800000 -4.997976 8.012672 7.230653 0.100000 3.028163 0.692954 0.000036
-5.000000 2.850000 -4.997568 8.115681 7.307095 0.100000 3.042552 0.693804 0.000035
-5.000000 2.900000 -4.997106 8.218262 7.383537 0.100000 3.059639 0.694637 0.000035
-5.000000 2.950000 -4.996588 8.320420 7.460878 0.100000 3.074028 0.695452 0.000034
-5.000000 3.000000 -4.996007 8.422160 7.536420 0.100000 3.089317 0.696250 0.000034
-5.000000 3.050000 -4.995360 8.523487 7.611063 0.100000 3.104605 0.697032 0.000033
-5.000000 3.100000 -4.994643 8.624406 7.687055 0.100000 3.119893 0.697799 0.000033
-5.000000 3.150000 -4.993850 8.724921 7.761248 0.100000 3.132484 0.698552 0.000032
-5.000000 3.200000 -4.992978 8.825037 7.835442 0.100000 3.147772 0.699290 0.000032
-5.000000 3.250000 -4.992022 8.924759 7.909185 0.100000 3.161262 0.700015 0.000032
-5.000000 3.300000 -4.990978 9.024090 7.982030 0.100000 3.175651 0.700726 0.000031
-5.000000 3.350000 -4.989842 9.123035 8.055324 0.100000 3.188241 0.701426 0.000031
-5.000000 3.400000 -4.988609 9.221598 8.127269 0.100000 3.201731 0.702113 0.000030
-5.000000 3.450000 -4.987274 9.319784 8.198764 0.100000 3.214321 0.702789 0.000030
-5.000000 3.500000 -4.985836 9.417595 8.270709 0.100000 3.227361 0.703454 0.000030
-50.000000 1.550000 -50.002245 52.154464 13.826677 4.550000 10.968059 0.664896 0.000093
-50.000000 1.600000 -50.002060 53.650356 14.059707 4.600000 11.126559 0.665498 0.000124
-50.000000 1.650000 -50.001808 55.143727 14.290216 4.650000 11.283443 0.666072 0.000165
-50.000000 1.700000 -50.001526 56.634627 14.519866 4.700000 11.436158 0.666620 0.000131
-50.000000 1.750000 -50.001084 58.123100 14.746102 4.750000 11.585938 0.667144 0.000111
-50.000000 1.800000 -50.000503 59.609190 14.971014 4.800000 11.734029 0.667647 0.000327
-50.000000 1.850000 -49.999182 61.092250 15.194159 4.850000 11.878712 0.668129 0.000403
-50.000000 1.900000 -49.998215 62.573685 15.415517 4.900000 12.021665 0.668592 0.000316
-50.000000 1.950000 -49.996992 64.052853 15.635352 4.950000 12.161585 0.669038 0.000663
-50.000000 2.000000 -49.996101 65.530623 15.852931 5.000000 12.299733 0.669467 0.000001
-50.000000 2.050000 -49.994229 67.005369 16.068375 5.050000 12.435233 0.669882 0.000001
-50.000000 2.100000 -49.991967 68.477946 16.282667 5.100000 12.569785 0.670282 0.000001
-50.000000 2.150000 -49.989268 69.948385 16.495071 5.150000 12.701217 0.670670 0.000001
-50.000000 2.200000 -49.984853 71.415085 16.706001 5.200000 12.831670 0.671045 0.000499
-50.000000 2.250000 -49.981119 72.881312 16.915296 5.250000 12.960265 0.671408 0.000615
-50.000000 2.300000 -49.976797 74.345482 17.122936 5.300000 13.086549 0.671761 0.000752
-50.000000 2.350000 -49.971842 75.807620 17.328905 5.350000 13.211375 0.672103 0.000914
-50.000000 2.400000 -49.967537 77.269459 17.533621 5.400000 13.333853 0.672436 0.000000
-50.000000 2.450000 -49.961222 78.727623 17.736632 5.450000 13.455721 0.672760 0.000000
-50.000000 2.500000 -49.952932 80.182073 17.937771 5.500000 13.575651 0.673075 0.000743
-50.000000 2.550000 -49.945523 81.637127 18.137757 5.550000 13.693772 0.673383 0.000905
-50.000000 2.600000 -49.937597 83.090413 18.336575 5.600000 13.810659 0.673683 0.000004
-50.000000 2.650000 -49.927493 84.539865 18.533324 5.650000 13.926006 0.673976 0.000011
-50.000000 2.700000 -49.917058 85.988393 18.729171 5.700000 14.040094 0.674262 0.000025
-50.000000 2.750000 -49.906797 87.437046 18.924104 5.750000 14.152765 0.674543 0.000022
-50.000000 2.800000 -49.894506 88.881869 19.116920 5.800000 14.263408 0.674817 0.000030
-50.000000 2.850000 -49.881261 90.324852 19.308195 5.850000 14.374251 0.675086 0.000021
-50.000000 2.900000 -49.867049 91.766006 19.498813 5.900000 14.482594 0.675350 0.000033
-50.000000 2.950000 -49.851857 93.205347 19.688164 5.950000 14.590222 0.675609 0.000028
-50.000000 3.000000 -49.835679 94.642885 19.875633 6.000000 14.697126 0.675864 0.000071
-50.000000 3.050000 -49.818508 96.078631 20.062408 6.050000 14.801488 0.676115 0.000062
-50.000000 3.100000 -49.800343 97.512596 20.247876 6.100000 14.906921 0.676362 0.000053
-50.000000 3.150000 -49.781185 98.944789 20.432023 6.150000 15.008879 0.676605 0.000261
-50.000000 3.200000 -49.761039 100.375219 20.615443 6.200000 15.110986 0.676845 0.000145
-50.000000 3.250000 -49.739910 101.803893 20.797519 6.250000 15.211870 0.677082 0.000121
-50.000000 3.300000 -49.718685 103.232746 20.978236 6.300000 15.312437 0.677317 0.000193
-50.000000 3.350000 -49.694748 104.656004 21.158193 6.350000 15.410845 0.677549 0.000286
-50.000000 3.400000 -49.670738 106.079453 21.336768 6.400000 15.509382 0.677779 0.000200
-50.000000 3.450000 -49.645819 107.501172 21.514562 6.450000 15.605275 0.678007 0.000004
-50.000000 3.500000 -49.619968 108.921164 21.690950 6.500000 15.702210 0.678233 0.000011
-50.000000 0.550000 -50.007673 21.571695 8.461351 3.550000 6.774797 0.636423 0.000020
-50.000000 0.600000 -50.007147 23.141869 8.785033 3.600000 7.059870 0.639731 0.000036
-50.000000 0.650000 -50.006699 24.705723 9.096630 3.650000 7.332268 0.642582 0.000059
-50.000000 0.700000 -50.006311 26.263891 9.400027 3.700000 7.593072 0.645071 0.000093
-50.000000 0.750000 -50.005347 27.816536 9.696346 3.750000 7.843377 0.647265 0.000003
-50.000000 0.800000 -50.005093 29.364727 9.985516 3.800000 8.084694 0.649218 0.000005
-50.000000 0.850000 -50.004869 30.908461 10.268675 3.850000 8.317743 0.650969 0.000009
-50.000000 0.900000 -50.003501 32.447314 10.546977 3.900000 8.542448 0.652550 0.000014
-50.000000 0.950000 -50.003365 33.982907 10.821586 3.950000 8.759948 0.653988 0.000023
-50.000000 1.000000 -50.003243 35.514747 11.090428 4.000000 8.971800 0.655302 0.000035
-50.000000 1.050000 -50.003130 37.043005 11.354671 4.050000 9.176321 0.656510 0.000053
-50.000000 1.100000 -50.003025 38.567831 11.615492 4.100000 9.375895 0.657624 0.000077
-50.000000 1.150000 -50.002959 40.089354 11.873675 4.150000 9.570065 0.658657 0.000005
-50.000000 1.200000 -50.002877 41.607692 12.127133 4.200000 9.759603 0.659619 0.000008
-50.000000 1.250000 -50.002800 43.122948 12.377881 4.250000 9.943640 0.660517 0.000012
-50.000000 1.300000 -50.003639 44.636006 12.625888 4.300000 10.124607 0.661358 0.000018
-50.000000 1.350000 -50.003991 46.145783 12.870709 4.350000 10.300813 0.662148 0.000025
-50.000000 1.400000 -50.002578 47.651120 13.114389 4.400000 10.473048 0.662893 0.000036
-50.000000 1.450000 -50.002491 49.154904 13.353576 4.450000 10.640855 0.663597 0.000050
-50.000000 1.500000 -50.002384 50.655999 13.591151 4.500000 10.806286 0.664264 0.000069
