1.000000 1.000000 0.999993 1.934881 2.491134 2.351146 0.560083
2.000000 1.000000 1.999993 5.240042 3.078783 2.927327 0.987952
3.000000 1.000000 2.999996 9.572127 3.463623 3.391693 1.357447
4.000000 1.000000 4.000037 14.764918 3.766255 3.792649 1.692050
5.000000 1.000000 4.999982 20.714495 4.017395 4.150927 2.002056
6.000000 1.000000 5.999982 27.347963 4.237820 4.477923 2.293652
7.000000 1.000000 7.004949 34.610217 4.434147 4.780702 2.570816
8.000000 1.000000 8.006596 42.457860 4.612654 5.064006 2.835929
9.000000 1.000000 9.008503 50.855457 4.778308 5.331202 3.090988
10.000000 1.000000 10.010673 59.773616 4.933252 5.584782 3.337469
11.000000 1.000000 11.000001 69.187020 5.078986 5.826656 3.576429
12.000000 1.000000 12.000171 79.073423 5.215754 6.058320 3.808694
13.000000 1.000000 13.000399 89.414357 5.347261 6.280978 4.035112
14.000000 1.000000 14.000644 100.192157 5.471755 6.495612 4.256154
15.000000 1.000000 15.000957 111.391950 5.591866 6.703040 4.472355
16.000000 1.000000 15.999732 122.999996 5.706092 6.903946 4.684132
17.000000 1.000000 16.999791 135.003792 5.817631 7.098914 4.891841
18.000000 1.000000 17.998879 147.392442 5.924982 7.288445 5.095785
19.000000 1.000000 18.997731 160.155497 6.028471 7.472973 5.296219
20.000000 1.000000 19.997850 173.281806 6.129790 7.652877 5.493428
100.000000 1.000000 100.000760 2037.293030 10.832881 16.539008 17.031645
1000.000000 1.000000 1000.149484 67095.213330 28.594225 51.695429 83.564890
