1.000000 1.000000 0.999995 1.935145 2.496478 2.351141 0.560439
10.000000 1.000000 9.999994 59.773618 4.933505 5.584783 3.337478
20.000000 1.000000 19.999141 173.281039 6.129519 7.652877 5.493436
50.000000 1.000000 49.997695 706.384327 8.375241 11.813032 10.493543
100.000000 1.000000 99.996422 2037.293177 10.833032 16.539008 17.031593
200.000000 1.000000 199.998795 5854.331087 14.261449 23.251304 27.560546
500.000000 1.000000 499.996550 23512.085052 21.013354 36.611194 51.890938
1000.000000 1.000000 999.996339 67095.215606 28.594360 51.695435 83.564977
10000.000000 1.000000 9999.936424 2157221.584229 84.439982 163.249160 402.565128
100000.000000 1.000000 99998.216378 68635169.596360 258.387897 516.277823 1916.989967
