1.000000 0.960941 11.079503 3.271387 1.813834
2.000000 1.988454 31.588755 4.186365 2.203213
3.000000 2.973054 59.201763 4.825832 2.520057
4.000000 3.991528 92.351041 5.251805 2.795316
5.000000 4.987077 130.935334 5.659817 3.042277
6.000000 5.988315 174.338665 5.995987 3.268333
7.000000 6.985836 222.080253 6.277936 3.478108
8.000000 7.976568 274.563364 6.558529 3.674731
9.000000 8.999513 329.081482 6.817434 3.860435
10.00000 9.979169 388.987476 7.039739 4.036881
20.00000 20.161427 1148.103408 8.826645 5.481153
30.00000 27.741599 2164.830769 10.116052 6.604614
40.00000 44.092679 3378.842128 11.181490 7.557845
50.00000 54.033256 4779.312509 12.103850 8.400944
60.00000 63.436852 6337.770104 7.274283 9.170626
70.00000 79.111432 8048.465086 13.681038 9.869408
