-2.000000 26.000000 0.837692 -2.000298 2.180924 5.393357 0.742466 
-2.000000 26.000000 0.856308 -2.000285 2.157645 5.459906 0.744208 
-2.000000 26.000000 0.874923 -2.000270 2.135230 5.524657 0.745891 
-2.000000 26.000000 0.893538 -2.000252 2.113626 5.593004 0.747516 
-2.000000 26.000000 0.912154 -2.000283 2.092784 5.664949 0.749088 
-2.000000 26.000000 0.930769 -2.000276 2.072660 5.733297 0.750609 
-2.000000 26.000000 0.949385 -2.000268 2.053214 5.807041 0.752083 
-2.000000 26.000000 0.968000 -2.000260 2.034406 5.877187 0.753511 
-2.000000 26.000000 0.986615 -2.000251 2.016209 5.952730 0.754897 
-2.000000 26.000000 1.005231 -2.000241 1.998587 6.022876 0.756242 
-2.000000 26.000000 1.023846 -2.000230 1.981509 6.096620 0.757548 
-2.000000 26.000000 1.042462 -2.000217 1.964947 6.173961 0.758819 
-2.000000 26.000000 1.061077 -2.000201 1.948876 6.245906 0.760054 
-2.000000 26.000000 1.079692 -2.000182 1.933272 6.323247 0.761257 
-2.000000 26.000000 1.098308 -2.000237 1.918111 6.395192 0.762429 
-2.000000 26.000000 1.116923 -2.000230 1.903373 6.470734 0.763570 
-2.000000 26.000000 1.135538 -2.000225 1.889039 6.542679 0.764683 
-2.000000 26.000000 1.154154 -2.000220 1.875089 6.616423 0.765769 
-2.000000 26.000000 1.172769 -2.000214 1.861507 6.690166 0.766828 
-2.000000 26.000000 1.191385 -2.000208 1.848275 6.763910 0.767863 
-2.000000 26.000000 1.210000 -2.000201 1.835378 6.837654 0.768874 
-2.000000 51.000000 0.427059 -2.000287 4.277974 5.607393 0.742466 
-2.000000 51.000000 0.436549 -2.000270 4.232312 5.675741 0.744208 
-2.000000 51.000000 0.446039 -2.000298 4.188342 5.751283 0.745891 
-2.000000 51.000000 0.455529 -2.000292 4.145962 5.826826 0.747516 
-2.000000 51.000000 0.465020 -2.000286 4.105080 5.904167 0.749088 
-2.000000 51.000000 0.474510 -2.000280 4.065609 5.979709 0.750609 
-2.000000 51.000000 0.484000 -2.000274 4.027467 6.058849 0.752083 
-2.000000 51.000000 0.493490 -2.000269 3.990589 6.141585 0.753511 
-2.000000 51.000000 0.502980 -2.000263 3.954895 6.220725 0.754896 
-2.000000 51.000000 0.512471 -2.000258 3.920328 6.305260 0.756242 
-2.000000 51.000000 0.521961 -2.000252 3.886828 6.387997 0.757548 
-2.000000 51.000000 0.531451 -2.000247 3.854341 6.468935 0.758819 
-2.000000 51.000000 0.540941 -2.000241 3.822816 6.553471 0.760054 
-2.000000 51.000000 0.550431 -2.000235 3.792206 6.632610 0.761257 
-2.000000 51.000000 0.559922 -2.000229 3.762466 6.720743 0.762429 
-2.000000 51.000000 0.569412 -2.000222 3.733556 6.799883 0.763570 
-2.000000 51.000000 0.578902 -2.000214 3.705437 6.882619 0.764683 
-2.000000 51.000000 0.588392 -2.000206 3.678072 6.965356 0.765769 
-2.000000 51.000000 0.597882 -2.000197 3.651427 7.051690 0.766828 
-2.000000 51.000000 0.607373 -2.000186 3.625471 7.132628 0.767863 
-2.000000 51.000000 0.616863 -2.000211 3.600172 7.215365 0.768874 
-2.000000 76.000000 0.286579 -2.000311 6.374999 5.731499 0.742466 
-2.000000 76.000000 0.292947 -2.000304 6.306923 5.801645 0.744208 
-2.000000 76.000000 0.299316 -2.000298 6.241402 5.880785 0.745891 
-2.000000 76.000000 0.305684 -2.000291 6.178254 5.958125 0.747516 
-2.000000 76.000000 0.312053 -2.000285 6.117342 6.040862 0.749088 
-2.000000 76.000000 0.318421 -2.000279 6.058545 6.121800 0.750609 
-2.000000 76.000000 0.324789 -2.000273 6.001708 6.209933 0.752083 
-2.000000 76.000000 0.331158 -2.000267 5.946745 6.290871 0.753511 
-2.000000 76.000000 0.337526 -2.000262 5.893555 6.379004 0.754897 
-2.000000 76.000000 0.343895 -2.000256 5.842043 6.467137 0.756242 
-2.000000 76.000000 0.350263 -2.000249 5.792122 6.557068 0.757548 
-2.000000 76.000000 0.356632 -2.000243 5.743712 6.643402 0.758819 
-2.000000 76.000000 0.363000 -2.000236 5.696735 6.729736 0.760054 
-2.000000 76.000000 0.369368 -2.000228 5.651122 6.819667 0.761257 
-2.000000 76.000000 0.375737 -2.000220 5.606806 6.911397 0.762429 
-2.000000 76.000000 0.382105 -2.000211 5.563726 7.001329 0.763570 
-2.000000 76.000000 0.388474 -2.000200 5.521825 7.089461 0.764683 
-2.000000 76.000000 0.394842 -2.000224 5.481046 7.175795 0.765769 
-2.000000 76.000000 0.401211 -2.000190 5.441342 7.265727 0.766828 
-2.000000 76.000000 0.407579 -2.000216 5.402663 7.353859 0.767863 
-2.000000 76.000000 0.413947 -2.000211 5.364965 7.441992 0.768874 
-2.000000 101.000000 0.215644 -2.000310 8.471952 5.817833 0.742466 
-2.000000 101.000000 0.220436 -2.000303 8.381599 5.895174 0.744208 
-2.000000 101.000000 0.225228 -2.000296 8.294529 5.972514 0.745891 
-2.000000 101.000000 0.230020 -2.000289 8.210605 6.055251 0.747516 
-2.000000 101.000000 0.234812 -2.000281 8.129640 6.136189 0.749088 
-2.000000 101.000000 0.239604 -2.000274 8.051426 6.226121 0.750609 
-2.000000 101.000000 0.244396 -2.000265 7.975896 6.310656 0.752083 
-2.000000 101.000000 0.249188 -2.000257 7.902855 6.402386 0.753511 
-2.000000 101.000000 0.253980 -2.000247 7.832172 6.494116 0.754897 
-2.000000 101.000000 0.258772 -2.000236 7.763721 6.582249 0.756242 
-2.000000 101.000000 0.263564 -2.000255 7.697387 6.675777 0.757548 
-2.000000 101.000000 0.268356 -2.000250 7.633065 6.767507 0.758819 
-2.000000 101.000000 0.273149 -2.000246 7.570656 6.862834 0.760054 
-2.000000 101.000000 0.277941 -2.000241 7.510039 6.956363 0.761257 
-2.000000 101.000000 0.282733 -2.000237 7.451146 7.044496 0.762429 
-2.000000 101.000000 0.287525 -2.000233 7.393896 7.138024 0.763570 
-2.000000 101.000000 0.292317 -2.000228 7.338211 7.233351 0.764683 
-2.000000 101.000000 0.297109 -2.000224 7.284019 7.323283 0.765769 
-2.000000 101.000000 0.301901 -2.000219 7.231254 7.416811 0.766828 
-2.000000 101.000000 0.306693 -2.000214 7.179852 7.506743 0.767863 
-2.000000 101.000000 0.311485 -2.000209 7.129754 7.598473 0.768874 
-2.000000 126.000000 0.172857 -2.000311 10.568859 5.882583 0.742466 
-2.000000 126.000000 0.176698 -2.000304 10.456066 5.959924 0.744208 
-2.000000 126.000000 0.180540 -2.000298 10.347448 6.044460 0.745891 
-2.000000 126.000000 0.184381 -2.000292 10.242768 6.128995 0.747516 
-2.000000 126.000000 0.188222 -2.000286 10.141794 6.211732 0.749088 
-2.000000 126.000000 0.192063 -2.000280 10.044327 6.301663 0.750609 
-2.000000 126.000000 0.195905 -2.000274 9.950169 6.395192 0.752083 
-2.000000 126.000000 0.199746 -2.000269 9.859051 6.488720 0.753511 
-2.000000 126.000000 0.203587 -2.000264 9.770870 6.582249 0.754896 
-2.000000 126.000000 0.207429 -2.000258 9.685418 6.675777 0.756242 
-2.000000 126.000000 0.211270 -2.000253 9.602658 6.771104 0.757548 
-2.000000 126.000000 0.215111 -2.000248 9.522402 6.864633 0.758819 
-2.000000 126.000000 0.218952 -2.000243 9.444523 6.959960 0.760054 
-2.000000 126.000000 0.222794 -2.000238 9.368902 7.057086 0.761257 
-2.000000 126.000000 0.226635 -2.000232 9.295437 7.152413 0.762429 
-2.000000 126.000000 0.230476 -2.000226 9.224021 7.251338 0.763570 
-2.000000 126.000000 0.234317 -2.000220 9.154561 7.343068 0.764683 
-2.000000 126.000000 0.238159 -2.000213 9.086967 7.438395 0.765769 
-2.000000 126.000000 0.242000 -2.000205 9.021164 7.533722 0.766828 
-2.000000 126.000000 0.245841 -2.000197 8.957040 7.632646 0.767863 
-2.000000 126.000000 0.249683 -2.000187 8.894541 7.727974 0.768874 
-2.000000 151.000000 0.144238 -2.000311 12.665844 5.943736 0.742466 
-2.000000 151.000000 0.147444 -2.000304 12.530661 6.021977 0.744208 
-2.000000 151.000000 0.150649 -2.000298 12.400480 6.102915 0.745891 
-2.000000 151.000000 0.153854 -2.000292 12.275010 6.184752 0.747516 
-2.000000 151.000000 0.157060 -2.000286 12.153989 6.276482 0.749088 
-2.000000 151.000000 0.160265 -2.000280 12.037130 6.368212 0.750609 
-2.000000 151.000000 0.163470 -2.000275 11.924228 6.459942 0.752083 
-2.000000 151.000000 0.166675 -2.000269 11.815047 6.553471 0.753511 
-2.000000 151.000000 0.169881 -2.000264 11.709396 6.648798 0.754896 
-2.000000 151.000000 0.173086 -2.000259 11.607094 6.749521 0.756242 
-2.000000 151.000000 0.176291 -2.000255 11.507995 6.846647 0.757548 
-2.000000 151.000000 0.179497 -2.000250 11.411815 6.945571 0.758819 
-2.000000 151.000000 0.182702 -2.000246 11.318481 7.044496 0.760054 
-2.000000 151.000000 0.185907 -2.000241 11.227806 7.141621 0.761257 
-2.000000 151.000000 0.189113 -2.000237 11.139756 7.240546 0.762429 
-2.000000 151.000000 0.192318 -2.000232 11.054167 7.341269 0.763570 
-2.000000 151.000000 0.195523 -2.000228 10.970919 7.440193 0.764683 
-2.000000 151.000000 0.198728 -2.000224 10.889903 7.537319 0.765769 
-2.000000 151.000000 0.201934 -2.000219 10.811022 7.636244 0.766828 
-2.000000 151.000000 0.205139 -2.000214 10.734175 7.731571 0.767863 
-2.000000 151.000000 0.208344 -2.000209 10.659281 7.828697 0.768874 
-2.000000 176.000000 0.123750 -2.000273 14.763031 5.986903 0.742466 
-2.000000 176.000000 0.126500 -2.000304 14.605286 6.067842 0.744208 
-2.000000 176.000000 0.129250 -2.000298 14.453541 6.154176 0.745891 
-2.000000 176.000000 0.132000 -2.000292 14.307297 6.235114 0.747516 
-2.000000 176.000000 0.134750 -2.000286 14.166217 6.332240 0.749088 
-2.000000 176.000000 0.137500 -2.000280 14.030011 6.420372 0.750609 
-2.000000 176.000000 0.140250 -2.000275 13.898403 6.517498 0.752083 
-2.000000 176.000000 0.143000 -2.000269 13.771129 6.612825 0.753511 
-2.000000 176.000000 0.145750 -2.000264 13.647964 6.711750 0.754896 
-2.000000 176.000000 0.148500 -2.000259 13.528695 6.810674 0.756242 
-2.000000 176.000000 0.151250 -2.000255 13.413115 6.909599 0.757548 
-2.000000 176.000000 0.154000 -2.000250 13.301030 7.012120 0.758819 
-2.000000 176.000000 0.156750 -2.000246 13.192273 7.112843 0.760054 
-2.000000 176.000000 0.159500 -2.000241 13.086691 7.215365 0.761257 
-2.000000 176.000000 0.162250 -2.000237 12.984141 7.316088 0.762429 
-2.000000 176.000000 0.165000 -2.000233 12.884382 7.416811 0.763570 
-2.000000 176.000000 0.167750 -2.000229 12.787289 7.515736 0.764683 
-2.000000 176.000000 0.170500 -2.000224 12.692861 7.618257 0.765769 
-2.000000 176.000000 0.173250 -2.000220 12.600914 7.717182 0.766828 
-2.000000 176.000000 0.176000 -2.000216 12.511346 7.816106 0.767863 
-2.000000 176.000000 0.178750 -2.000211 12.424048 7.915031 0.768874 
-2.000000 201.000000 0.108358 -2.000304 16.860061 6.024675 0.742466 
-2.000000 201.000000 0.110766 -2.000294 16.680099 6.105613 0.744208 
-2.000000 201.000000 0.113174 -2.000283 16.506805 6.191947 0.745891 
-2.000000 201.000000 0.115582 -2.000270 16.339784 6.278281 0.747516 
-2.000000 201.000000 0.117990 -2.000257 16.178659 6.370011 0.749088 
-2.000000 201.000000 0.120398 -2.000241 16.023095 6.467137 0.750609 
-2.000000 201.000000 0.122806 -2.000275 15.872613 6.566960 0.752083 
-2.000000 201.000000 0.125214 -2.000269 15.727250 6.663187 0.753511 
-2.000000 201.000000 0.127622 -2.000264 15.586587 6.765709 0.754896 
-2.000000 201.000000 0.130030 -2.000259 15.450355 6.866432 0.756242 
-2.000000 201.000000 0.132438 -2.000255 15.318339 6.967155 0.757548 
-2.000000 201.000000 0.134846 -2.000250 15.190321 7.069676 0.758819 
-2.000000 201.000000 0.137254 -2.000246 15.066095 7.172198 0.760054 
-2.000000 201.000000 0.139662 -2.000241 14.945486 7.278317 0.761257 
-2.000000 201.000000 0.142070 -2.000237 14.828309 7.381738 0.762429 
-2.000000 201.000000 0.144478 -2.000233 14.714401 7.479763 0.763570 
-2.000000 201.000000 0.146886 -2.000229 14.603625 7.584084 0.764683 
-2.000000 201.000000 0.149294 -2.000224 14.495838 7.686605 0.765769 
-2.000000 201.000000 0.151701 -2.000220 14.390876 7.787328 0.766828 
-2.000000 201.000000 0.154109 -2.000216 14.288522 7.891649 0.767863 
-2.000000 201.000000 0.156517 -2.000211 14.188824 7.988774 0.768874 
-2.000000 226.000000 0.096372 -2.000311 18.956879 6.062446 0.742466 
-2.000000 226.000000 0.098513 -2.000305 18.754538 6.146082 0.744208 
-2.000000 226.000000 0.100655 -2.000295 18.559898 6.229718 0.745891 
-2.000000 226.000000 0.102796 -2.000287 18.372099 6.316052 0.747516 
-2.000000 226.000000 0.104938 -2.000279 18.190933 6.413178 0.749088 
-2.000000 226.000000 0.107080 -2.000271 18.016024 6.510304 0.750609 
-2.000000 226.000000 0.109221 -2.000262 17.847005 6.607430 0.752083 
-2.000000 226.000000 0.111363 -2.000252 17.683565 6.704555 0.753511 
-2.000000 226.000000 0.113504 -2.000241 17.525396 6.807077 0.754897 
-2.000000 226.000000 0.115646 -2.000229 17.372219 6.909599 0.756242 
-2.000000 226.000000 0.117788 -2.000215 17.223773 7.013919 0.757548 
-2.000000 226.000000 0.119929 -2.000250 17.079649 7.120038 0.758819 
-2.000000 226.000000 0.122071 -2.000246 16.939976 7.224358 0.760054 
-2.000000 226.000000 0.124212 -2.000241 16.804342 7.328679 0.761257 
-2.000000 226.000000 0.126354 -2.000237 16.672573 7.434798 0.762429 
-2.000000 226.000000 0.128496 -2.000233 16.544487 7.542715 0.763570 
-2.000000 226.000000 0.130637 -2.000229 16.419904 7.643438 0.764683 
-2.000000 226.000000 0.132779 -2.000225 16.298673 7.751356 0.765769 
-2.000000 226.000000 0.134920 -2.000220 16.180631 7.850280 0.766828 
-2.000000 226.000000 0.137062 -2.000216 16.065655 7.954601 0.767863 
-2.000000 226.000000 0.139204 -2.000211 15.953602 8.057122 0.768874 
-2.000000 251.000000 0.086773 -2.000311 21.053890 6.097519 0.742466 
-2.000000 251.000000 0.088701 -2.000305 20.829168 6.173061 0.744208 
-2.000000 251.000000 0.090629 -2.000298 20.612772 6.264791 0.745891 
-2.000000 251.000000 0.092558 -2.000292 20.404203 6.356521 0.747516 
-2.000000 251.000000 0.094486 -2.000286 20.203000 6.450949 0.749088 
-2.000000 251.000000 0.096414 -2.000278 20.008949 6.542679 0.750609 
-2.000000 251.000000 0.098343 -2.000272 19.821240 6.650597 0.752083 
-2.000000 251.000000 0.100271 -2.000265 19.639719 6.747722 0.753511 
-2.000000 251.000000 0.102199 -2.000258 19.464052 6.850244 0.754897 
-2.000000 251.000000 0.104127 -2.000251 19.293930 6.952766 0.756242 
-2.000000 251.000000 0.106056 -2.000244 19.129063 7.060683 0.757548 
-2.000000 251.000000 0.107984 -2.000236 18.969183 7.165004 0.758819 
-2.000000 251.000000 0.109912 -2.000227 18.814038 7.272921 0.760054 
-2.000000 251.000000 0.111841 -2.000217 18.663398 7.377242 0.761257 
-2.000000 251.000000 0.113769 -2.000206 18.517043 7.485159 0.762429 
-2.000000 251.000000 0.115697 -2.000193 18.374769 7.593077 0.763570 
-2.000000 251.000000 0.117625 -2.000229 18.236238 7.700994 0.764683 
-2.000000 251.000000 0.119554 -2.000224 18.101572 7.808912 0.765769 
-2.000000 251.000000 0.121482 -2.000220 17.970466 7.910534 0.766828 
-2.000000 251.000000 0.123410 -2.000216 17.842747 8.015754 0.767863 
-2.000000 251.000000 0.125339 -2.000211 17.718273 8.116477 0.768874 
-2.000000 276.000000 0.078913 -2.000288 23.151145 6.121800 0.742466 
-2.000000 276.000000 0.080667 -2.000271 22.904035 6.202739 0.744208 
-2.000000 276.000000 0.082420 -2.000298 22.665847 6.294469 0.745891 
-2.000000 276.000000 0.084174 -2.000292 22.436505 6.380803 0.747516 
-2.000000 276.000000 0.085928 -2.000286 22.215263 6.483324 0.749088 
-2.000000 276.000000 0.087681 -2.000280 22.001656 6.575054 0.750609 
-2.000000 276.000000 0.089435 -2.000275 21.795252 6.680274 0.752083 
-2.000000 276.000000 0.091188 -2.000269 21.595654 6.782796 0.753511 
-2.000000 276.000000 0.092942 -2.000264 21.402504 6.885317 0.754896 
-2.000000 276.000000 0.094696 -2.000257 21.215644 6.995933 0.756242 
-2.000000 276.000000 0.096449 -2.000252 21.034356 7.098454 0.757548 
-2.000000 276.000000 0.098203 -2.000246 20.858544 7.206372 0.758819 
-2.000000 276.000000 0.099957 -2.000240 20.687946 7.314290 0.760054 
-2.000000 276.000000 0.101710 -2.000234 20.522302 7.424006 0.761257 
-2.000000 276.000000 0.103464 -2.000228 20.361369 7.531923 0.762429 
-2.000000 276.000000 0.105217 -2.000221 20.204922 7.639841 0.763570 
-2.000000 276.000000 0.106971 -2.000213 20.052759 7.747758 0.764683 
-2.000000 276.000000 0.108725 -2.000204 19.904676 7.852079 0.765769 
-2.000000 276.000000 0.110478 -2.000195 19.760489 7.959996 0.766828 
-2.000000 276.000000 0.112232 -2.000184 19.620034 8.064317 0.767863 
-2.000000 276.000000 0.113986 -2.000171 19.483138 8.172234 0.768874 
-2.000000 301.000000 0.072359 -2.000303 25.248172 6.148780 0.742466 
-2.000000 301.000000 0.073967 -2.000293 24.978679 6.229718 0.744208 
-2.000000 301.000000 0.075575 -2.000282 24.719172 6.316052 0.745891 
-2.000000 301.000000 0.077183 -2.000269 24.469052 6.413178 0.747516 
-2.000000 301.000000 0.078791 -2.000255 24.227766 6.510304 0.749088 
-2.000000 301.000000 0.080399 -2.000280 23.994570 6.607430 0.750609 
-2.000000 301.000000 0.082007 -2.000275 23.769472 6.709951 0.752083 
-2.000000 301.000000 0.083615 -2.000269 23.551795 6.815171 0.753511 
-2.000000 301.000000 0.085223 -2.000264 23.341138 6.925786 0.754896 
-2.000000 301.000000 0.086831 -2.000259 23.137129 7.028308 0.756242 
-2.000000 301.000000 0.088439 -2.000255 22.939440 7.136226 0.757548 
-2.000000 301.000000 0.090047 -2.000250 22.747698 7.246841 0.758819 
-2.000000 301.000000 0.091654 -2.000246 22.561653 7.360155 0.760054 
-2.000000 301.000000 0.093262 -2.000239 22.381212 7.465374 0.761257 
-2.000000 301.000000 0.094870 -2.000234 22.205700 7.575090 0.762429 
-2.000000 301.000000 0.096478 -2.000229 22.035084 7.683008 0.763570 
-2.000000 301.000000 0.098086 -2.000224 21.869132 7.790926 0.764683 
-2.000000 301.000000 0.099694 -2.000218 21.707633 7.898843 0.765769 
-2.000000 301.000000 0.101302 -2.000212 21.550386 8.006761 0.766828 
-2.000000 301.000000 0.102910 -2.000205 21.397206 8.114678 0.767863 
-2.000000 301.000000 0.104518 -2.000198 21.247905 8.218999 0.768874 
-2.000000 326.000000 0.066810 -2.000309 27.345198 6.170363 0.742466 
-2.000000 326.000000 0.068294 -2.000301 27.053322 6.256697 0.744208 
-2.000000 326.000000 0.069779 -2.000292 26.772262 6.343031 0.745891 
-2.000000 326.000000 0.071264 -2.000284 26.501368 6.434761 0.747516 
-2.000000 326.000000 0.072748 -2.000274 26.240042 6.531887 0.749088 
-2.000000 326.000000 0.074233 -2.000264 25.987734 6.634409 0.750609 
-2.000000 326.000000 0.075718 -2.000253 25.743935 6.736931 0.752083 
-2.000000 326.000000 0.077202 -2.000240 25.508175 6.844848 0.753511 
-2.000000 326.000000 0.078687 -2.000264 25.279782 6.952766 0.754896 
-2.000000 326.000000 0.080172 -2.000259 25.058828 7.057985 0.756242 
-2.000000 326.000000 0.081656 -2.000255 24.844701 7.171299 0.757548 
-2.000000 326.000000 0.083141 -2.000250 24.637057 7.276518 0.758819 
-2.000000 326.000000 0.084626 -2.000246 24.435560 7.395228 0.760054 
-2.000000 326.000000 0.086110 -2.000241 24.239904 7.503145 0.761257 
-2.000000 326.000000 0.087595 -2.000237 24.049818 7.613761 0.762429 
-2.000000 326.000000 0.089080 -2.000233 23.865037 7.718980 0.763570 
-2.000000 326.000000 0.090564 -2.000229 23.685305 7.834093 0.764683 
-2.000000 326.000000 0.092049 -2.000222 23.510598 7.942010 0.765769 
-2.000000 326.000000 0.093534 -2.000217 23.340288 8.049928 0.766828 
-2.000000 326.000000 0.095018 -2.000212 23.174379 8.157845 0.767863 
-2.000000 326.000000 0.096503 -2.000206 23.012679 8.265763 0.768874 
-2.000000 351.000000 0.062051 -2.000310 29.442223 6.191947 0.742466 
-2.000000 351.000000 0.063430 -2.000303 29.127965 6.278281 0.744208 
-2.000000 351.000000 0.064809 -2.000296 28.825351 6.364615 0.745891 
-2.000000 351.000000 0.066188 -2.000289 28.533683 6.461741 0.747516 
-2.000000 351.000000 0.067567 -2.000282 28.252318 6.558867 0.749088 
-2.000000 351.000000 0.068946 -2.000274 27.980661 6.661388 0.750609 
-2.000000 351.000000 0.070325 -2.000266 27.718166 6.763910 0.752083 
-2.000000 351.000000 0.071704 -2.000258 27.464327 6.871828 0.753511 
-2.000000 351.000000 0.073083 -2.000249 27.218675 6.979745 0.754897 
-2.000000 351.000000 0.074462 -2.000259 26.980529 7.093059 0.756242 
-2.000000 351.000000 0.075840 -2.000255 26.749981 7.206372 0.757548 
-2.000000 351.000000 0.077219 -2.000250 26.526412 7.314290 0.758819 
-2.000000 351.000000 0.078598 -2.000246 26.309464 7.424905 0.760054 
-2.000000 351.000000 0.079977 -2.000241 26.098807 7.538219 0.761257 
-2.000000 351.000000 0.081356 -2.000237 25.894142 7.646136 0.762429 
-2.000000 351.000000 0.082735 -2.000233 25.695191 7.759450 0.763570 
-2.000000 351.000000 0.084114 -2.000229 25.501673 7.872763 0.764683 
-2.000000 351.000000 0.085493 -2.000225 25.313338 7.983379 0.765769 
-2.000000 351.000000 0.086872 -2.000220 25.129974 8.093095 0.766828 
-2.000000 351.000000 0.088251 -2.000216 24.951348 8.199214 0.767863 
-2.000000 351.000000 0.089630 -2.000210 24.777453 8.308930 0.768874 
-2.000000 376.000000 0.057926 -2.000311 31.539249 6.213530 0.742466 
-2.000000 376.000000 0.059213 -2.000304 31.202607 6.299864 0.744208 
-2.000000 376.000000 0.060500 -2.000297 30.878440 6.386198 0.745891 
-2.000000 376.000000 0.061787 -2.000291 30.565999 6.483324 0.747516 
-2.000000 376.000000 0.063074 -2.000284 30.264593 6.580450 0.749088 
-2.000000 376.000000 0.064362 -2.000278 29.973588 6.682972 0.750609 
-2.000000 376.000000 0.065649 -2.000271 29.692397 6.790889 0.752083 
-2.000000 376.000000 0.066936 -2.000265 29.420478 6.898807 0.753511 
-2.000000 376.000000 0.068223 -2.000258 29.157330 7.006725 0.754897 
-2.000000 376.000000 0.069511 -2.000251 28.902486 7.120038 0.756242 
-2.000000 376.000000 0.070798 -2.000243 28.655513 7.227956 0.757548 
-2.000000 376.000000 0.072085 -2.000250 28.415759 7.341269 0.758819 
-2.000000 376.000000 0.073372 -2.000246 28.183353 7.457280 0.760054 
-2.000000 376.000000 0.074660 -2.000241 27.957692 7.570594 0.761257 
-2.000000 376.000000 0.075947 -2.000237 27.738466 7.686605 0.762429 
-2.000000 376.000000 0.077234 -2.000233 27.525337 7.799919 0.763570 
-2.000000 376.000000 0.078521 -2.000229 27.318030 7.910534 0.764683 
-2.000000 376.000000 0.079809 -2.000225 27.116296 8.018452 0.765769 
-2.000000 376.000000 0.081096 -2.000220 26.919872 8.129067 0.766828 
-2.000000 376.000000 0.082383 -2.000216 26.728515 8.238783 0.767863 
-2.000000 376.000000 0.083670 -2.000211 26.542018 8.348500 0.768874 
-2.000000 401.000000 0.054314 -2.000311 33.636274 6.235114 0.742466 
-2.000000 401.000000 0.055521 -2.000304 33.277250 6.316052 0.744208 
-2.000000 401.000000 0.056728 -2.000298 32.931529 6.407782 0.745891 
-2.000000 401.000000 0.057935 -2.000291 32.598313 6.504908 0.747516 
-2.000000 401.000000 0.059142 -2.000285 32.276867 6.602034 0.749088 
-2.000000 401.000000 0.060349 -2.000279 31.966514 6.704555 0.750609 
-2.000000 401.000000 0.061556 -2.000273 31.666627 6.812473 0.752083 
-2.000000 401.000000 0.062763 -2.000267 31.376629 6.920390 0.753511 
-2.000000 401.000000 0.063970 -2.000262 31.095985 7.033704 0.754897 
-2.000000 401.000000 0.065177 -2.000256 30.824196 7.147017 0.756242 
-2.000000 401.000000 0.066384 -2.000250 30.560803 7.254935 0.757548 
-2.000000 401.000000 0.067591 -2.000243 30.305375 7.373644 0.758819 
-2.000000 401.000000 0.068798 -2.000220 30.057514 7.486958 0.760054 
-2.000000 401.000000 0.070005 -2.000208 29.816846 7.600271 0.761257 
-2.000000 401.000000 0.071212 -2.000237 29.582773 7.710887 0.762429 
-2.000000 401.000000 0.072419 -2.000233 29.355490 7.826898 0.763570 
-2.000000 401.000000 0.073626 -2.000229 29.134400 7.937514 0.764683 
-2.000000 401.000000 0.074833 -2.000225 28.919245 8.053525 0.765769 
-2.000000 401.000000 0.076040 -2.000220 28.709763 8.166838 0.766828 
-2.000000 401.000000 0.077247 -2.000216 28.505690 8.276555 0.767863 
-2.000000 401.000000 0.078454 -2.000211 28.306794 8.386271 0.768874 
-2.000000 426.000000 0.051127 -2.000290 35.733299 6.251302 0.742466 
-2.000000 426.000000 0.052263 -2.000304 35.351892 6.337636 0.744208 
-2.000000 426.000000 0.053399 -2.000298 34.984618 6.423970 0.745891 
-2.000000 426.000000 0.054535 -2.000292 34.630628 6.521095 0.747516 
-2.000000 426.000000 0.055671 -2.000286 34.289142 6.623617 0.749088 
-2.000000 426.000000 0.056808 -2.000280 33.959440 6.726139 0.750609 
-2.000000 426.000000 0.057944 -2.000274 33.640857 6.834056 0.752083 
-2.000000 426.000000 0.059080 -2.000269 33.332780 6.941974 0.753511 
-2.000000 426.000000 0.060216 -2.000263 33.034639 7.055287 0.754897 
-2.000000 426.000000 0.061352 -2.000258 32.745906 7.168601 0.756242 
-2.000000 426.000000 0.062488 -2.000253 32.466092 7.281914 0.757548 
-2.000000 426.000000 0.063624 -2.000247 32.194740 7.395228 0.758819 
-2.000000 426.000000 0.064761 -2.000242 31.931427 7.513937 0.760054 
-2.000000 426.000000 0.065897 -2.000236 31.675756 7.627251 0.761257 
-2.000000 426.000000 0.067033 -2.000217 31.427357 7.740564 0.762429 
-2.000000 426.000000 0.068169 -2.000207 31.185892 7.859273 0.763570 
-2.000000 426.000000 0.069305 -2.000196 30.951018 7.972587 0.764683 
-2.000000 426.000000 0.070441 -2.000224 30.722202 8.088598 0.765769 
-2.000000 426.000000 0.071577 -2.000220 30.499661 8.201912 0.766828 
-2.000000 426.000000 0.072714 -2.000216 30.282863 8.309829 0.767863 
-2.000000 426.000000 0.073850 -2.000211 30.071560 8.418646 0.768874 
-2.000000 451.000000 0.048293 -2.000301 37.830338 6.267489 0.742466 
-2.000000 451.000000 0.049366 -2.000289 37.426547 6.353823 0.744208 
-2.000000 451.000000 0.050439 -2.000277 37.037706 6.445553 0.745891 
-2.000000 451.000000 0.051512 -2.000292 36.662943 6.542679 0.747516 
-2.000000 451.000000 0.052585 -2.000286 36.301416 6.639805 0.749088 
-2.000000 451.000000 0.053659 -2.000280 35.952366 6.747722 0.750609 
-2.000000 451.000000 0.054732 -2.000274 35.615087 6.855640 0.752083 
-2.000000 451.000000 0.055805 -2.000269 35.288930 6.963557 0.753511 
-2.000000 451.000000 0.056878 -2.000264 34.973293 7.076871 0.754897 
-2.000000 451.000000 0.057951 -2.000259 34.667616 7.190184 0.756242 
-2.000000 451.000000 0.059024 -2.000254 34.371381 7.308894 0.757548 
-2.000000 451.000000 0.060098 -2.000249 34.084105 7.422207 0.758819 
-2.000000 451.000000 0.061171 -2.000244 33.805339 7.540916 0.760054 
-2.000000 451.000000 0.062244 -2.000239 33.534664 7.654230 0.761257 
-2.000000 451.000000 0.063317 -2.000234 33.271688 7.767543 0.762429 
-2.000000 451.000000 0.064390 -2.000229 33.016045 7.886253 0.763570 
-2.000000 451.000000 0.065463 -2.000213 32.767394 7.999566 0.764683 
-2.000000 451.000000 0.066537 -2.000204 32.525414 8.112880 0.765769 
-2.000000 451.000000 0.067610 -2.000194 32.289804 8.226193 0.766828 
-2.000000 451.000000 0.068683 -2.000183 32.060278 8.339507 0.767863 
-2.000000 451.000000 0.069756 -2.000211 31.836333 8.455518 0.768874 
-2.000000 476.000000 0.045756 -2.000306 39.927364 6.283677 0.742466 
-2.000000 476.000000 0.046773 -2.000297 39.501190 6.370011 0.744208 
-2.000000 476.000000 0.047790 -2.000287 39.090799 6.461741 0.745891 
-2.000000 476.000000 0.048807 -2.000277 38.695257 6.558867 0.747516 
-2.000000 476.000000 0.049824 -2.000266 38.313691 6.661388 0.749088 
-2.000000 476.000000 0.050840 -2.000280 37.945292 6.763910 0.750609 
-2.000000 476.000000 0.051857 -2.000275 37.589317 6.871828 0.752083 
-2.000000 476.000000 0.052874 -2.000269 37.245081 6.985141 0.753511 
-2.000000 476.000000 0.053891 -2.000264 36.911947 7.098454 0.754897 
-2.000000 476.000000 0.054908 -2.000259 36.589326 7.211768 0.756242 
-2.000000 476.000000 0.055924 -2.000254 36.276670 7.330477 0.757548 
-2.000000 476.000000 0.056941 -2.000250 35.973470 7.443791 0.758819 
-2.000000 476.000000 0.057958 -2.000245 35.679252 7.562500 0.760054 
-2.000000 476.000000 0.058975 -2.000240 35.393573 7.681209 0.761257 
-2.000000 476.000000 0.059992 -2.000236 35.116019 7.794523 0.762429 
-2.000000 476.000000 0.061008 -2.000231 34.846206 7.913232 0.763570 
-2.000000 476.000000 0.062025 -2.000226 34.583771 8.026546 0.764683 
-2.000000 476.000000 0.063042 -2.000214 34.328379 8.145255 0.765769 
-2.000000 476.000000 0.064059 -2.000207 34.079708 8.258568 0.766828 
-2.000000 476.000000 0.065076 -2.000199 33.837459 8.371882 0.767863 
-2.000000 476.000000 0.066092 -2.000190 33.601357 8.485195 0.768874 
-2.000000 501.000000 0.043473 -2.000309 42.024389 6.299864 0.742466 
-2.000000 501.000000 0.044439 -2.000301 41.575837 6.386198 0.744208 
-2.000000 501.000000 0.045405 -2.000293 41.143888 6.477928 0.745891 
-2.000000 501.000000 0.046371 -2.000284 40.727581 6.575054 0.747516 
-2.000000 501.000000 0.047337 -2.000275 40.325965 6.677576 0.749088 
-2.000000 501.000000 0.048303 -2.000266 39.938217 6.780098 0.750609 
-2.000000 501.000000 0.049269 -2.000255 39.563547 6.893411 0.752083 
-2.000000 501.000000 0.050236 -2.000269 39.201231 7.006725 0.753511 
-2.000000 501.000000 0.051202 -2.000264 38.850600 7.120038 0.754897 
-2.000000 501.000000 0.052168 -2.000259 38.511035 7.233351 0.756242 
-2.000000 501.000000 0.053134 -2.000255 38.181959 7.352061 0.757548 
-2.000000 501.000000 0.054100 -2.000250 37.862835 7.470770 0.758819 
-2.000000 501.000000 0.055066 -2.000245 37.553164 7.584084 0.760054 
-2.000000 501.000000 0.056032 -2.000241 37.252481 7.702793 0.761257 
-2.000000 501.000000 0.056998 -2.000236 36.960350 7.821502 0.762429 
-2.000000 501.000000 0.057964 -2.000232 36.676366 7.940211 0.763570 
-2.000000 501.000000 0.058930 -2.000227 36.400148 8.053525 0.764683 
-2.000000 501.000000 0.059896 -2.000223 36.131340 8.172234 0.765769 
-2.000000 501.000000 0.060862 -2.000218 35.869612 8.285548 0.766828 
-2.000000 501.000000 0.061828 -2.000207 35.614640 8.398861 0.767863 
-2.000000 501.000000 0.062794 -2.000200 35.366138 8.512175 0.768874 
-2.000000 526.000000 0.041407 -2.000311 44.121021 6.326844 0.742466 
-2.000000 526.000000 0.042327 -2.000303 43.650483 6.402386 0.744208 
-2.000000 526.000000 0.043247 -2.000295 43.196981 6.494116 0.745891 
-2.000000 526.000000 0.044167 -2.000288 42.759895 6.591242 0.747516 
-2.000000 526.000000 0.045087 -2.000280 42.338253 6.693764 0.749088 
-2.000000 526.000000 0.046008 -2.000272 41.931156 6.796285 0.750609 
-2.000000 526.000000 0.046928 -2.000264 41.537780 6.909599 0.752083 
-2.000000 526.000000 0.047848 -2.000255 41.157381 7.022912 0.753511 
-2.000000 526.000000 0.048768 -2.000245 40.789254 7.136226 0.754897 
-2.000000 526.000000 0.049688 -2.000259 40.432745 7.254935 0.756242 
-2.000000 526.000000 0.050608 -2.000255 40.087247 7.373644 0.757548 
-2.000000 526.000000 0.051529 -2.000250 39.752199 7.486958 0.758819 
-2.000000 526.000000 0.052449 -2.000246 39.427076 7.605667 0.760054 
-2.000000 526.000000 0.053369 -2.000241 39.111389 7.724376 0.761257 
-2.000000 526.000000 0.054289 -2.000237 38.804681 7.843086 0.762429 
-2.000000 526.000000 0.055209 -2.000232 38.506526 7.961795 0.763570 
-2.000000 526.000000 0.056129 -2.000228 38.216525 8.080504 0.764683 
-2.000000 526.000000 0.057049 -2.000224 37.934304 8.199214 0.765769 
-2.000000 526.000000 0.057970 -2.000219 37.659510 8.312527 0.766828 
-2.000000 526.000000 0.058890 -2.000214 37.391816 8.425841 0.767863 
-2.000000 526.000000 0.059810 -2.000209 37.130918 8.539154 0.768874 
-2.000000 551.000000 0.039528 -2.000311 46.218087 6.337636 0.742466 
-2.000000 551.000000 0.040407 -2.000305 45.724738 6.418574 0.744208 
-2.000000 551.000000 0.041285 -2.000298 45.249702 6.510304 0.745891 
-2.000000 551.000000 0.042163 -2.000290 44.792215 6.602034 0.747516 
-2.000000 551.000000 0.043042 -2.000283 44.350528 6.704555 0.749088 
-2.000000 551.000000 0.043920 -2.000276 43.924087 6.812473 0.750609 
-2.000000 551.000000 0.044799 -2.000269 43.512010 6.925786 0.752083 
-2.000000 551.000000 0.045677 -2.000262 43.113539 7.039100 0.753511 
-2.000000 551.000000 0.046555 -2.000254 42.727916 7.152413 0.754897 
-2.000000 551.000000 0.047434 -2.000245 42.354466 7.271123 0.756242 
-2.000000 551.000000 0.048312 -2.000236 41.992536 7.389832 0.757548 
-2.000000 551.000000 0.049191 -2.000250 41.641567 7.508541 0.758819 
-2.000000 551.000000 0.050069 -2.000246 41.300988 7.627251 0.760054 
-2.000000 551.000000 0.050947 -2.000241 40.970296 7.745960 0.761257 
-2.000000 551.000000 0.051826 -2.000237 40.649011 7.870065 0.762429 
-2.000000 551.000000 0.052704 -2.000233 40.336686 7.983379 0.763570 
-2.000000 551.000000 0.053583 -2.000228 40.032902 8.102088 0.764683 
-2.000000 551.000000 0.054461 -2.000224 39.737267 8.220797 0.765769 
-2.000000 551.000000 0.055339 -2.000220 39.449413 8.339507 0.766828 
-2.000000 551.000000 0.056218 -2.000215 39.168996 8.452820 0.767863 
-2.000000 551.000000 0.057096 -2.000210 38.895698 8.566133 0.768874 
-2.000000 576.000000 0.037812 -2.000294 48.315527 6.348427 0.742466 
-2.000000 576.000000 0.038653 -2.000279 47.799809 6.434761 0.744208 
-2.000000 576.000000 0.039493 -2.000298 47.302787 6.521095 0.745891 
-2.000000 576.000000 0.040333 -2.000292 46.824163 6.620919 0.747516 
-2.000000 576.000000 0.041174 -2.000286 46.362402 6.720743 0.749088 
-2.000000 576.000000 0.042014 -2.000278 45.917013 6.828661 0.750609 
-2.000000 576.000000 0.042854 -2.000272 45.486261 6.941974 0.752083 
-2.000000 576.000000 0.043694 -2.000265 45.069689 7.055287 0.753511 
-2.000000 576.000000 0.044535 -2.000259 44.666569 7.173997 0.754897 
-2.000000 576.000000 0.045375 -2.000252 44.276175 7.292706 0.756242 
-2.000000 576.000000 0.046215 -2.000244 43.897824 7.411415 0.757548 
-2.000000 576.000000 0.047056 -2.000236 43.530931 7.530125 0.758819 
-2.000000 576.000000 0.047896 -2.000228 43.174907 7.648834 0.760054 
-2.000000 576.000000 0.048736 -2.000241 42.829204 7.767543 0.761257 
-2.000000 576.000000 0.049576 -2.000237 42.493342 7.891649 0.762429 
-2.000000 576.000000 0.050417 -2.000233 42.166846 8.010358 0.763570 
-2.000000 576.000000 0.051257 -2.000229 41.849279 8.129067 0.764683 
-2.000000 576.000000 0.052097 -2.000224 41.540230 8.242381 0.765769 
-2.000000 576.000000 0.052937 -2.000220 41.239316 8.361090 0.766828 
-2.000000 576.000000 0.053778 -2.000215 40.946175 8.479799 0.767863 
-2.000000 576.000000 0.054618 -2.000211 40.660469 8.593113 0.768874 
-2.000000 601.000000 0.036240 -2.000311 50.412410 6.353823 0.742466 
-2.000000 601.000000 0.037045 -2.000304 49.874326 6.440157 0.744208 
-2.000000 601.000000 0.037850 -2.000278 49.356319 6.531887 0.745891 
-2.000000 601.000000 0.038656 -2.000264 48.856887 6.629013 0.747516 
-2.000000 601.000000 0.039461 -2.000286 48.374734 6.736931 0.749088 
-2.000000 601.000000 0.040266 -2.000280 47.909562 6.842150 0.750609 
-2.000000 601.000000 0.041072 -2.000275 47.460496 6.958162 0.752083 
-2.000000 601.000000 0.041877 -2.000267 47.025844 7.071475 0.753511 
-2.000000 601.000000 0.042682 -2.000261 46.605228 7.190184 0.754897 
-2.000000 601.000000 0.043488 -2.000255 46.197885 7.308894 0.756242 
-2.000000 601.000000 0.044293 -2.000249 45.803129 7.427603 0.757548 
-2.000000 601.000000 0.045098 -2.000242 45.420295 7.546312 0.758819 
-2.000000 601.000000 0.045903 -2.000235 45.048818 7.670418 0.760054 
-2.000000 601.000000 0.046709 -2.000228 44.688119 7.789127 0.761257 
-2.000000 601.000000 0.047514 -2.000220 44.337672 7.907836 0.762429 
-2.000000 601.000000 0.048319 -2.000233 43.997006 8.031941 0.763570 
-2.000000 601.000000 0.049125 -2.000229 43.665655 8.150651 0.764683 
-2.000000 601.000000 0.049930 -2.000224 43.343193 8.269360 0.765769 
-2.000000 601.000000 0.050735 -2.000220 43.029219 8.382674 0.766828 
-2.000000 601.000000 0.051541 -2.000216 42.723355 8.501383 0.767863 
-2.000000 601.000000 0.052346 -2.000211 42.425249 8.620092 0.768874 
-2.000000 626.000000 0.034792 -2.000311 52.509412 6.370011 0.742466 
-2.000000 626.000000 0.035565 -2.000304 51.948963 6.450949 0.744208 
-2.000000 626.000000 0.036339 -2.000298 51.409261 6.542679 0.745891 
-2.000000 626.000000 0.037112 -2.000291 50.889078 6.645201 0.747516 
-2.000000 626.000000 0.037885 -2.000263 50.387414 6.747722 0.749088 
-2.000000 626.000000 0.038658 -2.000280 49.902530 6.855640 0.750609 
-2.000000 626.000000 0.039431 -2.000275 49.434354 6.971651 0.752083 
-2.000000 626.000000 0.040204 -2.000269 48.981645 7.090361 0.753511 
-2.000000 626.000000 0.040978 -2.000262 48.543889 7.206372 0.754897 
-2.000000 626.000000 0.041751 -2.000257 48.119602 7.325081 0.756242 
-2.000000 626.000000 0.042524 -2.000251 47.708418 7.443791 0.757548 
-2.000000 626.000000 0.043297 -2.000246 47.309662 7.567896 0.758819 
-2.000000 626.000000 0.044070 -2.000240 46.922730 7.686605 0.760054 
-2.000000 626.000000 0.044843 -2.000233 46.547027 7.810710 0.761257 
-2.000000 626.000000 0.045617 -2.000227 46.182014 7.929420 0.762429 
-2.000000 626.000000 0.046390 -2.000220 45.827176 8.048129 0.763570 
-2.000000 626.000000 0.047163 -2.000212 45.482031 8.172234 0.764683 
-2.000000 626.000000 0.047936 -2.000224 45.146156 8.290944 0.765769 
-2.000000 626.000000 0.048709 -2.000220 44.819121 8.409653 0.766828 
-2.000000 626.000000 0.049482 -2.000216 44.500535 8.522966 0.767863 
-2.000000 626.000000 0.050256 -2.000211 44.190028 8.641676 0.768874 
-2.000000 651.000000 0.033456 -2.000311 54.606434 6.380803 0.742466 
-2.000000 651.000000 0.034200 -2.000304 54.023583 6.467137 0.744208 
-2.000000 651.000000 0.034943 -2.000298 53.462327 6.558867 0.745891 
-2.000000 651.000000 0.035687 -2.000292 52.921386 6.655992 0.747516 
-2.000000 651.000000 0.036430 -2.000285 52.399541 6.763910 0.749088 
-2.000000 651.000000 0.037174 -2.000280 51.895701 6.871828 0.750609 
-2.000000 651.000000 0.037917 -2.000249 51.409066 6.985141 0.752083 
-2.000000 651.000000 0.038661 -2.000269 50.937824 7.103850 0.753511 
-2.000000 651.000000 0.039404 -2.000264 50.482197 7.222560 0.754896 
-2.000000 651.000000 0.040147 -2.000259 50.040938 7.338571 0.756242 
-2.000000 651.000000 0.040891 -2.000253 49.613711 7.459978 0.757548 
-2.000000 651.000000 0.041634 -2.000248 49.199043 7.584084 0.758819 
-2.000000 651.000000 0.042378 -2.000242 48.796644 7.702793 0.760054 
-2.000000 651.000000 0.043121 -2.000237 48.405938 7.826898 0.761257 
-2.000000 651.000000 0.043865 -2.000231 48.026344 7.951003 0.762429 
-2.000000 651.000000 0.044608 -2.000225 47.657336 8.069713 0.763570 
-2.000000 651.000000 0.045352 -2.000218 47.298411 8.188422 0.764683 
-2.000000 651.000000 0.046095 -2.000211 46.949122 8.312527 0.765769 
-2.000000 651.000000 0.046839 -2.000203 46.609031 8.431236 0.766828 
-2.000000 651.000000 0.047582 -2.000216 46.277714 8.544550 0.767863 
-2.000000 651.000000 0.048326 -2.000211 45.954808 8.663259 0.768874 
-2.000000 676.000000 0.032219 -2.000290 56.703455 6.391594 0.742466 
-2.000000 676.000000 0.032935 -2.000304 56.098221 6.477928 0.744208 
-2.000000 676.000000 0.033651 -2.000298 55.515403 6.569658 0.745891 
-2.000000 676.000000 0.034367 -2.000292 54.953679 6.666784 0.747516 
-2.000000 676.000000 0.035083 -2.000286 54.411803 6.774702 0.749088 
-2.000000 676.000000 0.035799 -2.000280 53.888615 6.882619 0.750609 
-2.000000 676.000000 0.036515 -2.000274 53.383054 6.995933 0.752083 
-2.000000 676.000000 0.037231 -2.000269 52.894210 7.114642 0.753511 
-2.000000 676.000000 0.037947 -2.000264 52.420901 7.236049 0.754896 
-2.000000 676.000000 0.038663 -2.000259 51.962700 7.354759 0.756242 
-2.000000 676.000000 0.039379 -2.000255 51.518649 7.476166 0.757548 
-2.000000 676.000000 0.040095 -2.000250 51.088050 7.602969 0.758819 
-2.000000 676.000000 0.040811 -2.000244 50.670573 7.724376 0.760054 
-2.000000 676.000000 0.041527 -2.000239 50.264846 7.843086 0.761257 
-2.000000 676.000000 0.042243 -2.000233 49.870679 7.967191 0.762429 
-2.000000 676.000000 0.042959 -2.000228 49.487500 8.085900 0.763570 
-2.000000 676.000000 0.043675 -2.000222 49.114787 8.210005 0.764683 
-2.000000 676.000000 0.044391 -2.000216 48.752085 8.328715 0.765769 
-2.000000 676.000000 0.045107 -2.000210 48.398933 8.447424 0.766828 
-2.000000 676.000000 0.045822 -2.000203 48.054901 8.566133 0.767863 
-2.000000 676.000000 0.046538 -2.000195 47.719597 8.684843 0.768874 
-2.000000 701.000000 0.031070 -2.000298 58.800469 6.402386 0.742466 
-2.000000 701.000000 0.031760 -2.000286 58.172840 6.488720 0.744208 
-2.000000 701.000000 0.032451 -2.000298 57.568487 6.580450 0.745891 
-2.000000 701.000000 0.033141 -2.000292 56.985994 6.677576 0.747516 
-2.000000 701.000000 0.033832 -2.000286 56.424065 6.785493 0.749088 
-2.000000 701.000000 0.034522 -2.000280 55.881532 6.898807 0.750609 
-2.000000 701.000000 0.035213 -2.000274 55.357301 7.012120 0.752083 
-2.000000 701.000000 0.035903 -2.000269 54.850340 7.125434 0.753511 
-2.000000 701.000000 0.036593 -2.000264 54.359754 7.249539 0.754897 
-2.000000 701.000000 0.037284 -2.000259 53.884635 7.368248 0.756242 
-2.000000 701.000000 0.037974 -2.000255 53.424000 7.495052 0.757548 
-2.000000 701.000000 0.038665 -2.000250 52.977430 7.619157 0.758819 
-2.000000 701.000000 0.039355 -2.000246 52.544138 7.740564 0.760054 
-2.000000 701.000000 0.040046 -2.000240 52.123778 7.859273 0.761257 
-2.000000 701.000000 0.040736 -2.000235 51.715016 7.983379 0.762429 
-2.000000 701.000000 0.041427 -2.000230 51.317666 8.107484 0.763570 
-2.000000 701.000000 0.042117 -2.000225 50.931180 8.226193 0.764683 
-2.000000 701.000000 0.042807 -2.000220 50.555052 8.350298 0.765769 
-2.000000 701.000000 0.043498 -2.000214 50.188836 8.469008 0.766828 
-2.000000 701.000000 0.044188 -2.000208 49.832080 8.587717 0.767863 
-2.000000 701.000000 0.044879 -2.000201 49.484376 8.706426 0.768874 
-2.000000 726.000000 0.030000 -2.000303 60.897469 6.413178 0.742466 
-2.000000 726.000000 0.030667 -2.000292 60.247470 6.499512 0.744208 
-2.000000 726.000000 0.031333 -2.000281 59.621573 6.591242 0.745891 
-2.000000 726.000000 0.032000 -2.000292 59.018306 6.688368 0.747516 
-2.000000 726.000000 0.032667 -2.000286 58.436318 6.796285 0.749088 
-2.000000 726.000000 0.033333 -2.000280 57.874446 6.909599 0.750609 
-2.000000 726.000000 0.034000 -2.000274 57.331520 7.022912 0.752083 
-2.000000 726.000000 0.034667 -2.000269 56.806479 7.141621 0.753511 
-2.000000 726.000000 0.035333 -2.000264 56.298397 7.260331 0.754897 
-2.000000 726.000000 0.036000 -2.000259 55.806328 7.384436 0.756242 
-2.000000 726.000000 0.036667 -2.000254 55.329469 7.508541 0.757548 
-2.000000 726.000000 0.037333 -2.000249 54.867040 7.632646 0.758819 
-2.000000 726.000000 0.038000 -2.000246 54.418117 7.754054 0.760054 
-2.000000 726.000000 0.038667 -2.000241 53.982342 7.880857 0.761257 
-2.000000 726.000000 0.039333 -2.000237 53.559014 8.002264 0.762429 
-2.000000 726.000000 0.040000 -2.000231 53.147831 8.123671 0.763570 
-2.000000 726.000000 0.040667 -2.000226 52.747563 8.247777 0.764683 
-2.000000 726.000000 0.041333 -2.000221 52.358033 8.366486 0.765769 
-2.000000 726.000000 0.042000 -2.000216 51.978745 8.490591 0.766828 
-2.000000 726.000000 0.042667 -2.000211 51.609264 8.609300 0.767863 
-2.000000 726.000000 0.043333 -2.000205 51.249155 8.728010 0.768874 
-2.000000 751.000000 0.029001 -2.000306 62.994501 6.423970 0.742466 
-2.000000 751.000000 0.029646 -2.000297 62.322126 6.510304 0.744208 
-2.000000 751.000000 0.030290 -2.000287 61.674650 6.602034 0.745891 
-2.000000 751.000000 0.030935 -2.000277 61.050598 6.699159 0.747516 
-2.000000 751.000000 0.031579 -2.000286 60.448596 6.807077 0.749088 
-2.000000 751.000000 0.032224 -2.000280 59.867369 6.920390 0.750609 
-2.000000 751.000000 0.032868 -2.000275 59.305718 7.033704 0.752083 
-2.000000 751.000000 0.033513 -2.000269 58.762626 7.152413 0.753511 
-2.000000 751.000000 0.034157 -2.000264 58.237040 7.276518 0.754897 
-2.000000 751.000000 0.034802 -2.000259 57.728032 7.395228 0.756242 
-2.000000 751.000000 0.035446 -2.000254 57.234756 7.519333 0.757548 
-2.000000 751.000000 0.036091 -2.000250 56.756399 7.643438 0.758819 
-2.000000 751.000000 0.036735 -2.000245 56.292197 7.767543 0.760054 
-2.000000 751.000000 0.037379 -2.000240 55.841485 7.891649 0.761257 
-2.000000 751.000000 0.038024 -2.000237 55.403372 8.021150 0.762429 
-2.000000 751.000000 0.038668 -2.000233 54.977680 8.145255 0.763570 
-2.000000 751.000000 0.039313 -2.000229 54.563587 8.266662 0.764683 
-2.000000 751.000000 0.039957 -2.000223 54.161001 8.388069 0.765769 
-2.000000 751.000000 0.040602 -2.000218 53.768651 8.506779 0.766828 
-2.000000 751.000000 0.041246 -2.000213 53.386450 8.625488 0.767863 
-2.000000 751.000000 0.041891 -2.000207 53.013941 8.749593 0.768874 
-2.000000 776.000000 0.028067 -2.000308 65.091511 6.434761 0.742466 
-2.000000 776.000000 0.028691 -2.000299 64.396754 6.521095 0.744208 
-2.000000 776.000000 0.029314 -2.000291 63.727724 6.612825 0.745891 
-2.000000 776.000000 0.029938 -2.000282 63.082911 6.709951 0.747516 
-2.000000 776.000000 0.030562 -2.000272 62.460867 6.817869 0.749088 
-2.000000 776.000000 0.031186 -2.000262 61.860292 6.931182 0.750609 
-2.000000 776.000000 0.031809 -2.000275 61.279956 7.044496 0.752083 
-2.000000 776.000000 0.032433 -2.000269 60.718764 7.163205 0.753511 
-2.000000 776.000000 0.033057 -2.000264 60.175674 7.287310 0.754897 
-2.000000 776.000000 0.033680 -2.000259 59.649730 7.411415 0.756242 
-2.000000 776.000000 0.034304 -2.000254 59.140034 7.535521 0.757548 
-2.000000 776.000000 0.034928 -2.000250 58.645747 7.659626 0.758819 
-2.000000 776.000000 0.035552 -2.000245 58.166099 7.783731 0.760054 
-2.000000 776.000000 0.036175 -2.000241 57.700383 7.907836 0.761257 
-2.000000 776.000000 0.036799 -2.000236 57.247897 8.031941 0.762429 
-2.000000 776.000000 0.037423 -2.000232 56.808042 8.156047 0.763570 
-2.000000 776.000000 0.038046 -2.000229 56.380024 8.280152 0.764683 
-2.000000 776.000000 0.038670 -2.000225 55.963625 8.401559 0.765769 
-2.000000 776.000000 0.039294 -2.000220 55.558571 8.522966 0.766828 
-2.000000 776.000000 0.039918 -2.000214 55.163633 8.647072 0.767863 
-2.000000 776.000000 0.040541 -2.000209 54.778724 8.765781 0.768874 
-2.000000 801.000000 0.027191 -2.000309 67.188531 6.445553 0.742466 
-2.000000 801.000000 0.027795 -2.000301 66.471381 6.531887 0.744208 
-2.000000 801.000000 0.028400 -2.000293 65.780808 6.618221 0.745891 
-2.000000 801.000000 0.029004 -2.000285 65.115212 6.720743 0.747516 
-2.000000 801.000000 0.029608 -2.000277 64.473129 6.828661 0.749088 
-2.000000 801.000000 0.030212 -2.000268 63.853205 6.941974 0.750609 
-2.000000 801.000000 0.030816 -2.000258 63.254192 7.055287 0.752083 
-2.000000 801.000000 0.031421 -2.000269 62.674908 7.179393 0.753511 
-2.000000 801.000000 0.032025 -2.000264 62.114328 7.298102 0.754897 
-2.000000 801.000000 0.032629 -2.000259 61.571440 7.422207 0.756242 
-2.000000 801.000000 0.033233 -2.000255 61.045304 7.546312 0.757548 
-2.000000 801.000000 0.033838 -2.000250 60.535101 7.670418 0.758819 
-2.000000 801.000000 0.034442 -2.000245 60.039994 7.799919 0.760054 
-2.000000 801.000000 0.035046 -2.000241 59.559280 7.924024 0.761257 
-2.000000 801.000000 0.035650 -2.000237 59.092218 8.048129 0.762429 
-2.000000 801.000000 0.036255 -2.000232 58.638202 8.172234 0.763570 
-2.000000 801.000000 0.036859 -2.000228 58.196584 8.296339 0.764683 
-2.000000 801.000000 0.037463 -2.000223 57.766814 8.420445 0.765769 
-2.000000 801.000000 0.038067 -2.000220 57.348152 8.544550 0.766828 
-2.000000 801.000000 0.038672 -2.000216 56.940492 8.663259 0.767863 
-2.000000 801.000000 0.039276 -2.000210 56.543520 8.781969 0.768874 
-2.000000 826.000000 0.026368 -2.000311 69.284671 6.461741 0.742466 
-2.000000 826.000000 0.026954 -2.000302 68.546019 6.542679 0.744208 
-2.000000 826.000000 0.027540 -2.000295 67.833882 6.629013 0.745891 
-2.000000 826.000000 0.028126 -2.000287 67.147512 6.731535 0.747516 
-2.000000 826.000000 0.028712 -2.000280 66.485391 6.839452 0.749088 
-2.000000 826.000000 0.029298 -2.000272 65.846118 6.952766 0.750609 
-2.000000 826.000000 0.029884 -2.000263 65.228409 7.066079 0.752083 
-2.000000 826.000000 0.030470 -2.000254 64.631065 7.190184 0.753511 
-2.000000 826.000000 0.031056 -2.000264 64.052979 7.308894 0.754897 
-2.000000 826.000000 0.031642 -2.000259 63.493148 7.432999 0.756242 
-2.000000 826.000000 0.032228 -2.000255 62.950590 7.562500 0.757548 
-2.000000 826.000000 0.032814 -2.000250 62.424463 7.686605 0.758819 
-2.000000 826.000000 0.033400 -2.000246 61.913911 7.810710 0.760054 
-2.000000 826.000000 0.033985 -2.000241 61.418172 7.940211 0.761257 
-2.000000 826.000000 0.034571 -2.000237 60.936538 8.064317 0.762429 
-2.000000 826.000000 0.035157 -2.000232 60.468352 8.188422 0.763570 
-2.000000 826.000000 0.035743 -2.000228 60.012945 8.312527 0.764683 
-2.000000 826.000000 0.036329 -2.000224 59.569768 8.436632 0.765769 
-2.000000 826.000000 0.036915 -2.000219 59.138258 8.560738 0.766828 
-2.000000 826.000000 0.037501 -2.000214 58.717890 8.679447 0.767863 
-2.000000 826.000000 0.038087 -2.000211 58.307989 8.806250 0.768874 
-2.000000 851.000000 0.025593 -2.000311 71.381703 6.461741 0.742466 
-2.000000 851.000000 0.026162 -2.000305 70.619795 6.548075 0.744208 
-2.000000 851.000000 0.026731 -2.000296 69.886974 6.639805 0.745891 
-2.000000 851.000000 0.027300 -2.000289 69.179821 6.742326 0.747516 
-2.000000 851.000000 0.027868 -2.000282 68.497672 6.850244 0.749088 
-2.000000 851.000000 0.028437 -2.000275 67.839031 6.963557 0.750609 
-2.000000 851.000000 0.029006 -2.000267 67.202625 7.076871 0.752083 
-2.000000 851.000000 0.029575 -2.000259 66.587202 7.200976 0.753511 
-2.000000 851.000000 0.030143 -2.000251 65.991621 7.319685 0.754897 
-2.000000 851.000000 0.030712 -2.000241 65.414845 7.449187 0.756242 
-2.000000 851.000000 0.031281 -2.000255 64.855876 7.573292 0.757548 
-2.000000 851.000000 0.031850 -2.000250 64.313808 7.697397 0.758819 
-2.000000 851.000000 0.032418 -2.000246 63.787812 7.826898 0.760054 
-2.000000 851.000000 0.032987 -2.000241 63.277077 7.951003 0.761257 
-2.000000 851.000000 0.033556 -2.000237 62.780860 8.080504 0.762429 
-2.000000 851.000000 0.034125 -2.000233 62.298503 8.204610 0.763570 
-2.000000 851.000000 0.034693 -2.000228 61.829311 8.328715 0.764683 
-2.000000 851.000000 0.035262 -2.000224 61.372721 8.452820 0.765769 
-2.000000 851.000000 0.035831 -2.000220 60.928152 8.576925 0.766828 
-2.000000 851.000000 0.036400 -2.000215 60.495065 8.695634 0.767863 
-2.000000 851.000000 0.036968 -2.000210 60.072950 8.819740 0.768874 
-2.000000 876.000000 0.024863 -2.000311 73.478698 6.477928 0.742466 
-2.000000 876.000000 0.025416 -2.000305 72.694425 6.558867 0.744208 
-2.000000 876.000000 0.025968 -2.000298 71.939222 6.650597 0.745891 
-2.000000 876.000000 0.026521 -2.000290 71.212131 6.747722 0.747516 
-2.000000 876.000000 0.027073 -2.000283 70.509942 6.855640 0.749088 
-2.000000 876.000000 0.027626 -2.000276 69.831960 6.968953 0.750609 
-2.000000 876.000000 0.028178 -2.000270 69.176851 7.087663 0.752083 
-2.000000 876.000000 0.028731 -2.000262 68.543339 7.211768 0.753511 
-2.000000 876.000000 0.029283 -2.000255 67.930270 7.335873 0.754897 
-2.000000 876.000000 0.029836 -2.000247 67.336543 7.459978 0.756242 
-2.000000 876.000000 0.030388 -2.000238 66.761153 7.584084 0.757548 
-2.000000 876.000000 0.030941 -2.000250 66.203178 7.713585 0.758819 
-2.000000 876.000000 0.031493 -2.000246 65.661722 7.837690 0.760054 
-2.000000 876.000000 0.032046 -2.000241 65.135967 7.967191 0.761257 
-2.000000 876.000000 0.032598 -2.000237 64.625188 8.091296 0.762429 
-2.000000 876.000000 0.033151 -2.000233 64.128654 8.220797 0.763570 
-2.000000 876.000000 0.033703 -2.000228 63.645685 8.344902 0.764683 
-2.000000 876.000000 0.034256 -2.000224 63.175675 8.469008 0.765769 
-2.000000 876.000000 0.034808 -2.000220 62.718045 8.593113 0.766828 
-2.000000 876.000000 0.035361 -2.000215 62.272228 8.711822 0.767863 
-2.000000 876.000000 0.035913 -2.000210 61.837720 8.835927 0.768874 
-2.000000 901.000000 0.024173 -2.000291 75.576638 6.477928 0.742466 
-2.000000 901.000000 0.024710 -2.000305 74.769077 6.575054 0.744208 
-2.000000 901.000000 0.025248 -2.000298 73.992282 6.661388 0.745891 
-2.000000 901.000000 0.025785 -2.000292 73.243613 6.763910 0.747516 
-2.000000 901.000000 0.026322 -2.000284 72.522200 6.866432 0.749088 
-2.000000 901.000000 0.026859 -2.000278 71.824881 6.979745 0.750609 
-2.000000 901.000000 0.027396 -2.000271 71.151068 7.098454 0.752083 
-2.000000 901.000000 0.027933 -2.000265 70.499505 7.222560 0.753511 
-2.000000 901.000000 0.028471 -2.000258 69.868931 7.346665 0.754897 
-2.000000 901.000000 0.029008 -2.000251 69.258248 7.470770 0.756242 
-2.000000 901.000000 0.029545 -2.000243 68.666429 7.594875 0.757548 
-2.000000 901.000000 0.030082 -2.000235 68.092530 7.724376 0.758819 
-2.000000 901.000000 0.030619 -2.000246 67.535629 7.853877 0.760054 
-2.000000 901.000000 0.031156 -2.000241 66.994884 7.977983 0.761257 
-2.000000 901.000000 0.031694 -2.000237 66.469522 8.107484 0.762429 
-2.000000 901.000000 0.032231 -2.000233 65.958804 8.231589 0.763570 
-2.000000 901.000000 0.032768 -2.000229 65.462054 8.361090 0.764683 
-2.000000 901.000000 0.033305 -2.000224 64.978639 8.485195 0.765769 
-2.000000 901.000000 0.033842 -2.000220 64.507945 8.609300 0.766828 
-2.000000 901.000000 0.034380 -2.000215 64.049405 8.728010 0.767863 
-2.000000 901.000000 0.034917 -2.000211 63.602504 8.852115 0.768874 
-2.000000 926.000000 0.023521 -2.000297 77.673645 6.488720 0.742466 
-2.000000 926.000000 0.024043 -2.000285 76.844580 6.575054 0.744208 
-2.000000 926.000000 0.024566 -2.000298 76.045360 6.672180 0.745891 
-2.000000 926.000000 0.025089 -2.000292 75.275921 6.780098 0.747516 
-2.000000 926.000000 0.025611 -2.000286 74.533595 6.882619 0.749088 
-2.000000 926.000000 0.026134 -2.000278 73.817802 6.990537 0.750609 
-2.000000 926.000000 0.026657 -2.000272 73.125312 7.109246 0.752083 
-2.000000 926.000000 0.027179 -2.000266 72.455656 7.227956 0.753511 
-2.000000 926.000000 0.027702 -2.000260 71.807581 7.352061 0.754897 
-2.000000 926.000000 0.028225 -2.000253 71.179953 7.481562 0.756242 
-2.000000 926.000000 0.028747 -2.000247 70.571720 7.605667 0.757548 
-2.000000 926.000000 0.029270 -2.000240 69.981891 7.735168 0.758819 
-2.000000 926.000000 0.029793 -2.000232 69.409529 7.864669 0.760054 
-2.000000 926.000000 0.030315 -2.000241 68.853780 7.994170 0.761257 
-2.000000 926.000000 0.030838 -2.000237 68.313842 8.118275 0.762429 
-2.000000 926.000000 0.031361 -2.000233 67.788962 8.247777 0.763570 
-2.000000 926.000000 0.031883 -2.000229 67.278418 8.371882 0.764683 
-2.000000 926.000000 0.032406 -2.000224 66.781594 8.495987 0.765769 
-2.000000 926.000000 0.032929 -2.000220 66.297843 8.620092 0.766828 
-2.000000 926.000000 0.033451 -2.000216 65.826576 8.744197 0.767863 
-2.000000 926.000000 0.033974 -2.000211 65.367274 8.868303 0.768874 
-2.000000 951.000000 0.022902 -2.000302 79.770693 6.499512 0.742466 
-2.000000 951.000000 0.023411 -2.000291 78.919231 6.585846 0.744208 
-2.000000 951.000000 0.023920 -2.000279 78.099320 6.672180 0.745891 
-2.000000 951.000000 0.024429 -2.000292 77.308226 6.774702 0.747516 
-2.000000 951.000000 0.024938 -2.000286 76.545878 6.888015 0.749088 
-2.000000 951.000000 0.025447 -2.000280 75.809886 7.001329 0.750609 
-2.000000 951.000000 0.025956 -2.000273 75.099529 7.120038 0.752083 
-2.000000 951.000000 0.026465 -2.000267 74.411803 7.238747 0.753511 
-2.000000 951.000000 0.026974 -2.000261 73.746219 7.362852 0.754897 
-2.000000 951.000000 0.027483 -2.000255 73.101659 7.492354 0.756242 
-2.000000 951.000000 0.027992 -2.000249 72.477004 7.621855 0.757548 
-2.000000 951.000000 0.028501 -2.000243 71.871262 7.745960 0.758819 
-2.000000 951.000000 0.029009 -2.000236 71.283437 7.875461 0.760054 
-2.000000 951.000000 0.029518 -2.000229 70.712676 8.004962 0.761257 
-2.000000 951.000000 0.030027 -2.000221 70.158165 8.134463 0.762429 
-2.000000 951.000000 0.030536 -2.000233 69.619111 8.258568 0.763570 
-2.000000 951.000000 0.031045 -2.000229 69.094804 8.388069 0.764683 
-2.000000 951.000000 0.031554 -2.000224 68.584555 8.512175 0.765769 
-2.000000 951.000000 0.032063 -2.000220 68.087729 8.636280 0.766828 
-2.000000 951.000000 0.032572 -2.000216 67.603754 8.760385 0.767863 
-2.000000 951.000000 0.033081 -2.000211 67.132038 8.884490 0.768874 
-2.000000 976.000000 0.022316 -2.000305 81.867726 6.515700 0.742466 
-2.000000 976.000000 0.022811 -2.000295 80.993893 6.585846 0.744208 
-2.000000 976.000000 0.023307 -2.000284 80.152417 6.682972 0.745891 
-2.000000 976.000000 0.023803 -2.000273 79.341393 6.790889 0.747516 
-2.000000 976.000000 0.024299 -2.000286 78.558147 6.904203 0.749088 
-2.000000 976.000000 0.024795 -2.000280 77.802822 7.017516 0.750609 
-2.000000 976.000000 0.025291 -2.000275 77.072905 7.125434 0.752083 
-2.000000 976.000000 0.025787 -2.000269 76.367098 7.249539 0.753511 
-2.000000 976.000000 0.026283 -2.000262 75.684869 7.373644 0.754897 
-2.000000 976.000000 0.026779 -2.000257 75.023364 7.503145 0.756242 
-2.000000 976.000000 0.027275 -2.000251 74.382308 7.632646 0.757548 
-2.000000 976.000000 0.027770 -2.000245 73.760622 7.756752 0.758819 
-2.000000 976.000000 0.028266 -2.000239 73.157344 7.886253 0.760054 
-2.000000 976.000000 0.028762 -2.000232 72.571598 8.015754 0.761257 
-2.000000 976.000000 0.029258 -2.000225 72.002491 8.145255 0.762429 
-2.000000 976.000000 0.029754 -2.000218 71.449266 8.274756 0.763570 
-2.000000 976.000000 0.030250 -2.000229 70.911169 8.398861 0.764683 
-2.000000 976.000000 0.030746 -2.000224 70.387508 8.528362 0.765769 
-2.000000 976.000000 0.031242 -2.000220 69.877627 8.652467 0.766828 
-2.000000 976.000000 0.031738 -2.000216 69.380924 8.776573 0.767863 
-2.000000 976.000000 0.032234 -2.000211 68.896818 8.900678 0.768874 
-2.000000 1001.000000 0.021758 -2.000311 83.964024 6.529189 0.742466 
-2.000000 1001.000000 0.022242 -2.000298 83.068532 6.596638 0.744208 
-2.000000 1001.000000 0.022725 -2.000288 82.205512 6.693764 0.745891 
-2.000000 1001.000000 0.023209 -2.000278 81.373726 6.790889 0.747516 
-2.000000 1001.000000 0.023692 -2.000267 80.571299 6.898807 0.749088 
-2.000000 1001.000000 0.024176 -2.000280 79.795708 7.022912 0.750609 
-2.000000 1001.000000 0.024659 -2.000275 79.047159 7.133528 0.752083 
-2.000000 1001.000000 0.025143 -2.000269 78.323256 7.263029 0.753511 
-2.000000 1001.000000 0.025626 -2.000264 77.622692 7.384436 0.754897 
-2.000000 1001.000000 0.026110 -2.000257 76.945079 7.513937 0.756242 
-2.000000 1001.000000 0.026593 -2.000252 76.287582 7.638042 0.757548 
-2.000000 1001.000000 0.027077 -2.000246 75.649972 7.767543 0.758819 
-2.000000 1001.000000 0.027560 -2.000241 75.031252 7.897044 0.760054 
-2.000000 1001.000000 0.028044 -2.000235 74.430502 8.026546 0.761257 
-2.000000 1001.000000 0.028527 -2.000229 73.846818 8.156047 0.762429 
-2.000000 1001.000000 0.029011 -2.000222 73.279415 8.285548 0.763570 
-2.000000 1001.000000 0.029495 -2.000215 72.727542 8.415049 0.764683 
-2.000000 1001.000000 0.029978 -2.000225 72.190467 8.539154 0.765769 
-2.000000 1001.000000 0.030462 -2.000220 71.667535 8.663259 0.766828 
-2.000000 1001.000000 0.030945 -2.000216 71.158103 8.787364 0.767863 
-2.000000 1001.000000 0.031429 -2.000211 70.661588 8.911470 0.768874 
-2.000000 1026.000000 0.021228 -2.000311 86.061024 6.523793 0.742466 
-2.000000 1026.000000 0.021700 -2.000305 85.142461 6.599336 0.744208 
-2.000000 1026.000000 0.022172 -2.000296 84.258727 6.693764 0.745891 
-2.000000 1026.000000 0.022643 -2.000282 83.406050 6.801681 0.747516 
-2.000000 1026.000000 0.023115 -2.000272 82.583582 6.909599 0.749088 
-2.000000 1026.000000 0.023587 -2.000262 81.789519 7.028308 0.750609 
-2.000000 1026.000000 0.024058 -2.000275 81.021322 7.144319 0.752083 
-2.000000 1026.000000 0.024530 -2.000269 80.279365 7.265727 0.753511 
-2.000000 1026.000000 0.025002 -2.000264 79.561321 7.395228 0.754897 
-2.000000 1026.000000 0.025474 -2.000259 78.865966 7.522031 0.756242 
-2.000000 1026.000000 0.025945 -2.000253 78.192866 7.648834 0.757548 
-2.000000 1026.000000 0.026417 -2.000248 77.539332 7.778335 0.758819 
-2.000000 1026.000000 0.026889 -2.000242 76.905160 7.913232 0.760054 
-2.000000 1026.000000 0.027361 -2.000237 76.289406 8.042733 0.761257 
-2.000000 1026.000000 0.027832 -2.000231 75.691145 8.172234 0.762429 
-2.000000 1026.000000 0.028304 -2.000225 75.109571 8.296339 0.763570 
-2.000000 1026.000000 0.028776 -2.000219 74.543915 8.425841 0.764683 
-2.000000 1026.000000 0.029248 -2.000212 73.993420 8.555342 0.765769 
-2.000000 1026.000000 0.029719 -2.000204 73.457427 8.679447 0.766828 
-2.000000 1026.000000 0.030191 -2.000216 72.935275 8.803552 0.767863 
-2.000000 1026.000000 0.030663 -2.000211 72.426372 8.927657 0.768874 
-2.000000 1051.000000 0.020723 -2.000311 88.158024 6.545377 0.742466 
-2.000000 1051.000000 0.021184 -2.000305 87.217076 6.618221 0.744208 
-2.000000 1051.000000 0.021644 -2.000298 86.310965 6.715347 0.745891 
-2.000000 1051.000000 0.022105 -2.000290 85.438469 6.812473 0.747516 
-2.000000 1051.000000 0.022565 -2.000276 84.595852 6.920390 0.749088 
-2.000000 1051.000000 0.023026 -2.000267 83.782454 7.039100 0.750609 
-2.000000 1051.000000 0.023486 -2.000257 82.996449 7.157809 0.752083 
-2.000000 1051.000000 0.023947 -2.000269 82.235524 7.279216 0.753511 
-2.000000 1051.000000 0.024407 -2.000264 81.499984 7.400624 0.754897 
-2.000000 1051.000000 0.024868 -2.000259 80.787666 7.535521 0.756242 
-2.000000 1051.000000 0.025328 -2.000255 80.097344 7.659626 0.757548 
-2.000000 1051.000000 0.025789 -2.000248 79.428701 7.789127 0.758819 
-2.000000 1051.000000 0.026249 -2.000243 78.779076 7.924024 0.760054 
-2.000000 1051.000000 0.026710 -2.000238 78.148299 8.053525 0.761257 
-2.000000 1051.000000 0.027170 -2.000233 77.535471 8.183026 0.762429 
-2.000000 1051.000000 0.027631 -2.000227 76.939726 8.312527 0.763570 
-2.000000 1051.000000 0.028091 -2.000221 76.360288 8.436632 0.764683 
-2.000000 1051.000000 0.028552 -2.000215 75.796379 8.566133 0.765769 
-2.000000 1051.000000 0.029012 -2.000208 75.247326 8.690239 0.766828 
-2.000000 1051.000000 0.029473 -2.000201 74.712451 8.819740 0.767863 
-2.000000 1051.000000 0.029933 -2.000211 74.191148 8.943845 0.768874 
-2.000000 1076.000000 0.020242 -2.000311 90.255022 6.537283 0.742466 
-2.000000 1076.000000 0.020691 -2.000305 89.291693 6.623617 0.744208 
-2.000000 1076.000000 0.021141 -2.000298 88.364027 6.709951 0.745891 
-2.000000 1076.000000 0.021591 -2.000292 87.469918 6.823265 0.747516 
-2.000000 1076.000000 0.022041 -2.000284 86.608255 6.931182 0.749088 
-2.000000 1076.000000 0.022491 -2.000277 85.775496 7.039100 0.750609 
-2.000000 1076.000000 0.022941 -2.000270 84.970824 7.163205 0.752083 
-2.000000 1076.000000 0.023390 -2.000252 84.192542 7.287310 0.753511 
-2.000000 1076.000000 0.023840 -2.000264 83.438597 7.414113 0.754897 
-2.000000 1076.000000 0.024290 -2.000259 82.709326 7.543614 0.756242 
-2.000000 1076.000000 0.024740 -2.000255 82.002574 7.675813 0.757548 
-2.000000 1076.000000 0.025190 -2.000250 81.317280 7.805315 0.758819 
-2.000000 1076.000000 0.025639 -2.000244 80.652993 7.934816 0.760054 
-2.000000 1076.000000 0.026089 -2.000239 80.007212 8.064317 0.761257 
-2.000000 1076.000000 0.026539 -2.000234 79.379806 8.193818 0.762429 
-2.000000 1076.000000 0.026989 -2.000229 78.769890 8.323319 0.763570 
-2.000000 1076.000000 0.027439 -2.000223 78.176660 8.452820 0.764683 
-2.000000 1076.000000 0.027888 -2.000218 77.599338 8.576925 0.765769 
-2.000000 1076.000000 0.028338 -2.000212 77.037225 8.706426 0.766828 
-2.000000 1076.000000 0.028788 -2.000205 76.489628 8.830531 0.767863 
-2.000000 1076.000000 0.029238 -2.000197 75.955917 8.954637 0.768874 
-2.000000 1101.000000 0.019782 -2.000294 92.352968 6.542679 0.742466 
-2.000000 1101.000000 0.020222 -2.000305 91.366310 6.639805 0.744208 
-2.000000 1101.000000 0.020661 -2.000298 90.417055 6.728837 0.745891 
-2.000000 1101.000000 0.021101 -2.000292 89.502206 6.823265 0.747516 
-2.000000 1101.000000 0.021540 -2.000286 88.619675 6.936578 0.749088 
-2.000000 1101.000000 0.021980 -2.000278 87.768421 7.049892 0.750609 
-2.000000 1101.000000 0.022420 -2.000272 86.945053 7.168601 0.752083 
-2.000000 1101.000000 0.022859 -2.000256 86.148675 7.298102 0.753511 
-2.000000 1101.000000 0.023299 -2.000247 85.378136 7.422207 0.754897 
-2.000000 1101.000000 0.023738 -2.000259 84.631024 7.551708 0.756242 
-2.000000 1101.000000 0.024178 -2.000255 83.907864 7.681209 0.757548 
-2.000000 1101.000000 0.024618 -2.000250 83.206584 7.810710 0.758819 
-2.000000 1101.000000 0.025057 -2.000246 82.526093 7.945607 0.760054 
-2.000000 1101.000000 0.025497 -2.000240 81.866116 8.075108 0.761257 
-2.000000 1101.000000 0.025936 -2.000235 81.224133 8.204610 0.762429 
-2.000000 1101.000000 0.026376 -2.000230 80.600046 8.334111 0.763570 
-2.000000 1101.000000 0.026816 -2.000225 79.993041 8.463612 0.764683 
-2.000000 1101.000000 0.027255 -2.000220 79.402305 8.593113 0.765769 
-2.000000 1101.000000 0.027695 -2.000214 78.827124 8.717218 0.766828 
-2.000000 1101.000000 0.028134 -2.000208 78.266804 8.841323 0.767863 
-2.000000 1101.000000 0.028574 -2.000201 77.720692 8.970824 0.768874 
-2.000000 1126.000000 0.019343 -2.000298 94.449992 6.553471 0.742466 
-2.000000 1126.000000 0.019773 -2.000286 93.441861 6.639805 0.744208 
-2.000000 1126.000000 0.020202 -2.000298 92.470117 6.739629 0.745891 
-2.000000 1126.000000 0.020632 -2.000292 91.534493 6.839452 0.747516 
-2.000000 1126.000000 0.021062 -2.000286 90.631921 6.947370 0.749088 
-2.000000 1126.000000 0.021492 -2.000280 89.760583 7.055287 0.750609 
-2.000000 1126.000000 0.021922 -2.000272 88.919283 7.179393 0.752083 
-2.000000 1126.000000 0.022352 -2.000266 88.104986 7.303498 0.753511 
-2.000000 1126.000000 0.022782 -2.000260 87.316943 7.427603 0.754897 
-2.000000 1126.000000 0.023211 -2.000242 86.553626 7.557104 0.756242 
-2.000000 1126.000000 0.023641 -2.000255 85.813142 7.694699 0.757548 
-2.000000 1126.000000 0.024071 -2.000250 85.095926 7.824200 0.758819 
-2.000000 1126.000000 0.024501 -2.000246 84.399967 7.953701 0.760054 
-2.000000 1126.000000 0.024931 -2.000241 83.724203 8.088598 0.761257 
-2.000000 1126.000000 0.025361 -2.000236 83.068468 8.215401 0.762429 
-2.000000 1126.000000 0.025790 -2.000231 82.430210 8.344902 0.763570 
-2.000000 1126.000000 0.026220 -2.000226 81.809414 8.474403 0.764683 
-2.000000 1126.000000 0.026650 -2.000221 81.205264 8.603905 0.765769 
-2.000000 1126.000000 0.027080 -2.000216 80.617031 8.728010 0.766828 
-2.000000 1126.000000 0.027510 -2.000210 80.043980 8.857511 0.767863 
-2.000000 1126.000000 0.027940 -2.000204 79.485468 8.981616 0.768874 
-2.000000 1151.000000 0.018923 -2.000302 96.547016 6.553471 0.742466 
-2.000000 1151.000000 0.019343 -2.000291 95.516503 6.639805 0.744208 
-2.000000 1151.000000 0.019764 -2.000279 94.524143 6.742326 0.745891 
-2.000000 1151.000000 0.020184 -2.000292 93.566783 6.844848 0.747516 
-2.000000 1151.000000 0.020605 -2.000286 92.644169 6.952766 0.749088 
-2.000000 1151.000000 0.021025 -2.000280 91.753481 7.066079 0.750609 
-2.000000 1151.000000 0.021446 -2.000273 90.893505 7.190184 0.752083 
-2.000000 1151.000000 0.021866 -2.000267 90.061135 7.308894 0.753511 
-2.000000 1151.000000 0.022287 -2.000261 89.255596 7.438395 0.754897 
-2.000000 1151.000000 0.022707 -2.000255 88.475487 7.567896 0.756242 
-2.000000 1151.000000 0.023128 -2.000249 87.719465 7.697397 0.757548 
-2.000000 1151.000000 0.023548 -2.000250 86.985294 7.834992 0.758819 
-2.000000 1151.000000 0.023969 -2.000246 86.273888 7.964493 0.760054 
-2.000000 1151.000000 0.024389 -2.000241 85.583094 8.099390 0.761257 
-2.000000 1151.000000 0.024810 -2.000237 84.911965 8.228891 0.762429 
-2.000000 1151.000000 0.025230 -2.000231 84.260355 8.355694 0.763570 
-2.000000 1151.000000 0.025651 -2.000227 83.625795 8.485195 0.764683 
-2.000000 1151.000000 0.026071 -2.000222 83.008232 8.614696 0.765769 
-2.000000 1151.000000 0.026492 -2.000217 82.406930 8.744197 0.766828 
-2.000000 1151.000000 0.026912 -2.000211 81.821155 8.868303 0.767863 
-2.000000 1151.000000 0.027333 -2.000206 81.250251 8.992408 0.768874 
-2.000000 1176.000000 0.018520 -2.000304 98.644040 6.564262 0.742466 
-2.000000 1176.000000 0.018932 -2.000294 97.591144 6.650597 0.744208 
-2.000000 1176.000000 0.019344 -2.000284 96.577231 6.747722 0.745891 
-2.000000 1176.000000 0.019755 -2.000272 95.600023 6.850244 0.747516 
-2.000000 1176.000000 0.020167 -2.000286 94.656420 6.958162 0.749088 
-2.000000 1176.000000 0.020578 -2.000280 93.746380 7.076871 0.750609 
-2.000000 1176.000000 0.020990 -2.000275 92.866904 7.200976 0.752083 
-2.000000 1176.000000 0.021401 -2.000268 92.017285 7.319685 0.753511 
-2.000000 1176.000000 0.021813 -2.000262 91.194250 7.443791 0.754897 
-2.000000 1176.000000 0.022224 -2.000256 90.397196 7.578688 0.756242 
-2.000000 1176.000000 0.022636 -2.000251 89.624762 7.708189 0.757548 
-2.000000 1176.000000 0.023048 -2.000245 88.875657 7.837690 0.758819 
-2.000000 1176.000000 0.023459 -2.000246 88.147804 7.969889 0.760054 
-2.000000 1176.000000 0.023871 -2.000241 87.442011 8.104786 0.761257 
-2.000000 1176.000000 0.024282 -2.000237 86.756286 8.234287 0.762429 
-2.000000 1176.000000 0.024694 -2.000233 86.089704 8.371882 0.763570 
-2.000000 1176.000000 0.025105 -2.000229 85.442157 8.495987 0.764683 
-2.000000 1176.000000 0.025517 -2.000223 84.811180 8.625488 0.765769 
-2.000000 1176.000000 0.025929 -2.000218 84.196837 8.754989 0.766828 
-2.000000 1176.000000 0.026340 -2.000213 83.598339 8.879094 0.767863 
-2.000000 1176.000000 0.026752 -2.000207 83.015027 9.008595 0.768874 
-2.000000 1201.000000 0.018135 -2.000306 100.741066 6.564262 0.742466 
-2.000000 1201.000000 0.018538 -2.000297 99.665785 6.650597 0.744208 
-2.000000 1201.000000 0.018941 -2.000287 98.630318 6.747722 0.745891 
-2.000000 1201.000000 0.019344 -2.000277 97.632337 6.850244 0.747516 
-2.000000 1201.000000 0.019747 -2.000286 96.668670 6.968953 0.749088 
-2.000000 1201.000000 0.020150 -2.000280 95.739285 7.082267 0.750609 
-2.000000 1201.000000 0.020553 -2.000275 94.841103 7.200976 0.752083 
-2.000000 1201.000000 0.020956 -2.000269 93.972617 7.335873 0.753511 
-2.000000 1201.000000 0.021359 -2.000263 93.132903 7.454582 0.754897 
-2.000000 1201.000000 0.021762 -2.000257 92.318905 7.584084 0.756242 
-2.000000 1201.000000 0.022165 -2.000252 91.530050 7.718980 0.757548 
-2.000000 1201.000000 0.022568 -2.000246 90.765026 7.848482 0.758819 
-2.000000 1201.000000 0.022971 -2.000240 90.022687 7.983379 0.760054 
-2.000000 1201.000000 0.023374 -2.000234 89.301889 8.112880 0.761257 
-2.000000 1201.000000 0.023777 -2.000237 88.600618 8.250475 0.762429 
-2.000000 1201.000000 0.024180 -2.000233 87.919855 8.382674 0.763570 
-2.000000 1201.000000 0.024583 -2.000229 87.257744 8.512175 0.764683 
-2.000000 1201.000000 0.024986 -2.000225 86.613358 8.641676 0.765769 
-2.000000 1201.000000 0.025389 -2.000218 85.986725 8.765781 0.766828 
-2.000000 1201.000000 0.025792 -2.000213 85.375505 8.895282 0.767863 
-2.000000 1201.000000 0.026195 -2.000208 84.779792 9.019387 0.768874 
-2.000000 1226.000000 0.017765 -2.000307 102.838090 6.575054 0.742466 
-2.000000 1226.000000 0.018160 -2.000299 101.740426 6.661388 0.744208 
-2.000000 1226.000000 0.018555 -2.000290 100.683405 6.747722 0.745891 
-2.000000 1226.000000 0.018949 -2.000281 99.664650 6.855640 0.747516 
-2.000000 1226.000000 0.019344 -2.000270 98.681880 6.963557 0.749088 
-2.000000 1226.000000 0.019739 -2.000280 97.732190 7.093059 0.750609 
-2.000000 1226.000000 0.020134 -2.000275 96.815309 7.211768 0.752083 
-2.000000 1226.000000 0.020529 -2.000269 95.928740 7.335873 0.753511 
-2.000000 1226.000000 0.020923 -2.000264 95.070755 7.462676 0.754896 
-2.000000 1226.000000 0.021318 -2.000258 94.240614 7.594875 0.756242 
-2.000000 1226.000000 0.021713 -2.000252 93.435339 7.724376 0.757548 
-2.000000 1226.000000 0.022108 -2.000247 92.654390 7.859273 0.758819 
-2.000000 1226.000000 0.022502 -2.000242 91.896598 7.988774 0.760054 
-2.000000 1226.000000 0.022897 -2.000236 91.160796 8.123671 0.761257 
-2.000000 1226.000000 0.023292 -2.000230 90.445932 8.258568 0.762429 
-2.000000 1226.000000 0.023687 -2.000233 89.749994 8.385371 0.763570 
-2.000000 1226.000000 0.024082 -2.000229 89.074100 8.517570 0.764683 
-2.000000 1226.000000 0.024476 -2.000225 88.416301 8.647072 0.765769 
-2.000000 1226.000000 0.024871 -2.000220 87.775865 8.779271 0.766828 
-2.000000 1226.000000 0.025266 -2.000214 87.152689 8.906074 0.767863 
-2.000000 1226.000000 0.025661 -2.000209 86.544576 9.030179 0.768874 
-2.000000 1251.000000 0.017410 -2.000308 104.935117 6.580450 0.742466 
-2.000000 1251.000000 0.017797 -2.000300 103.815069 6.661388 0.744208 
-2.000000 1251.000000 0.018184 -2.000292 102.736504 6.758514 0.745891 
-2.000000 1251.000000 0.018571 -2.000283 101.696964 6.861036 0.747516 
-2.000000 1251.000000 0.018958 -2.000274 100.694153 6.979745 0.749088 
-2.000000 1251.000000 0.019345 -2.000264 99.725979 7.093059 0.750609 
-2.000000 1251.000000 0.019731 -2.000275 98.789519 7.211768 0.752083 
-2.000000 1251.000000 0.020118 -2.000269 97.884866 7.346665 0.753511 
-2.000000 1251.000000 0.020505 -2.000264 97.009378 7.473468 0.754896 
-2.000000 1251.000000 0.020892 -2.000259 96.161563 7.600271 0.756242 
-2.000000 1251.000000 0.021279 -2.000253 95.340627 7.735168 0.757548 
-2.000000 1251.000000 0.021666 -2.000248 94.543754 7.864669 0.758819 
-2.000000 1251.000000 0.022053 -2.000243 93.770509 7.999566 0.760054 
-2.000000 1251.000000 0.022440 -2.000237 93.019703 8.134463 0.761257 
-2.000000 1251.000000 0.022827 -2.000232 92.290262 8.263964 0.762429 
-2.000000 1251.000000 0.023213 -2.000226 91.581162 8.398861 0.763570 
-2.000000 1251.000000 0.023600 -2.000220 90.891425 8.528362 0.764683 
-2.000000 1251.000000 0.023987 -2.000225 90.219267 8.660561 0.765769 
-2.000000 1251.000000 0.024374 -2.000220 89.565749 8.792760 0.766828 
-2.000000 1251.000000 0.024761 -2.000216 88.929057 8.914168 0.767863 
-2.000000 1251.000000 0.025148 -2.000209 88.309360 9.040971 0.768874 
