-1.000000 26.000000 0.837692 -1.000298 1.130192 4.472460 0.751188 
-1.000000 26.000000 0.856308 -1.000285 1.114659 4.524620 0.753265 
-1.000000 26.000000 0.874923 -1.000270 1.099732 4.573183 0.755275 
-1.000000 26.000000 0.893538 -1.000252 1.085373 4.627142 0.757221 
-1.000000 26.000000 0.912154 -1.000283 1.071547 4.684698 0.759106 
-1.000000 26.000000 0.930769 -1.000276 1.058224 4.742254 0.760934 
-1.000000 26.000000 0.949385 -1.000268 1.045374 4.799810 0.762708 
-1.000000 26.000000 0.968000 -1.000260 1.032971 4.851970 0.764430 
-1.000000 26.000000 0.986615 -1.000251 1.020990 4.914922 0.766104 
-1.000000 26.000000 1.005231 -1.000241 1.009408 4.972478 0.767731 
-1.000000 26.000000 1.023846 -1.000230 0.998204 5.028236 0.769313 
-1.000000 26.000000 1.042462 -1.000216 0.987346 5.087590 0.770854 
-1.000000 26.000000 1.061077 -1.000201 0.976840 5.146945 0.772355 
-1.000000 26.000000 1.079692 -1.000182 0.966657 5.204501 0.773817 
-1.000000 26.000000 1.098308 -1.000237 0.956781 5.263856 0.775243 
-1.000000 26.000000 1.116923 -1.000231 0.947197 5.326808 0.776633 
-1.000000 26.000000 1.135538 -1.000226 0.937890 5.386162 0.777990 
-1.000000 26.000000 1.154154 -1.000221 0.928849 5.440121 0.779316 
-1.000000 26.000000 1.172769 -1.000216 0.920060 5.503073 0.780610 
-1.000000 26.000000 1.191385 -1.000210 0.911512 5.560629 0.781875 
-1.000000 26.000000 1.210000 -1.000204 0.903196 5.618185 0.783112 
-1.000000 51.000000 0.427059 -1.000286 2.216908 4.686497 0.751188 
-1.000000 51.000000 0.436549 -1.000270 2.186444 4.737758 0.753265 
-1.000000 51.000000 0.446039 -1.000298 2.157163 4.796213 0.755275 
-1.000000 51.000000 0.455529 -1.000292 2.128999 4.859165 0.757221 
-1.000000 51.000000 0.465020 -1.000285 2.101877 4.918520 0.759106 
-1.000000 51.000000 0.474510 -1.000280 2.075743 4.985069 0.760934 
-1.000000 51.000000 0.484000 -1.000274 2.050530 5.048021 0.762708 
-1.000000 51.000000 0.493490 -1.000268 2.026200 5.110973 0.764430 
-1.000000 51.000000 0.502980 -1.000263 2.002700 5.175723 0.766104 
-1.000000 51.000000 0.512471 -1.000257 1.979982 5.244071 0.767731 
-1.000000 51.000000 0.521961 -1.000252 1.958006 5.310620 0.769313 
-1.000000 51.000000 0.531451 -1.000247 1.936740 5.378968 0.770854 
-1.000000 51.000000 0.540941 -1.000241 1.916133 5.443718 0.772355 
-1.000000 51.000000 0.550431 -1.000235 1.896162 5.510268 0.773817 
-1.000000 51.000000 0.559922 -1.000229 1.876790 5.582213 0.775243 
-1.000000 51.000000 0.569412 -1.000222 1.857990 5.646963 0.776633 
-1.000000 51.000000 0.578902 -1.000215 1.839735 5.713512 0.777990 
-1.000000 51.000000 0.588392 -1.000207 1.821999 5.781860 0.779316 
-1.000000 51.000000 0.597882 -1.000198 1.804759 5.848409 0.780610 
-1.000000 51.000000 0.607373 -1.000188 1.787990 5.920354 0.781875 
-1.000000 51.000000 0.616863 -1.000213 1.771674 5.986903 0.783112 
-1.000000 76.000000 0.286579 -1.000311 3.303508 4.807005 0.751188 
-1.000000 76.000000 0.292947 -1.000304 3.258110 4.866359 0.753265 
-1.000000 76.000000 0.299316 -1.000298 3.214482 4.929311 0.755275 
-1.000000 76.000000 0.305684 -1.000291 3.172519 4.996760 0.757221 
-1.000000 76.000000 0.312053 -1.000285 3.132135 5.058812 0.759106 
-1.000000 76.000000 0.318421 -1.000279 3.093246 5.128959 0.760934 
-1.000000 76.000000 0.324789 -1.000273 3.055700 5.196407 0.762708 
-1.000000 76.000000 0.331158 -1.000267 3.019453 5.263856 0.764430 
-1.000000 76.000000 0.337526 -1.000261 2.984420 5.331304 0.766104 
-1.000000 76.000000 0.343895 -1.000255 2.950552 5.405947 0.767731 
-1.000000 76.000000 0.350263 -1.000249 2.917796 5.474295 0.769313 
-1.000000 76.000000 0.356632 -1.000243 2.886092 5.546240 0.770854 
-1.000000 76.000000 0.363000 -1.000236 2.855381 5.621782 0.772355 
-1.000000 76.000000 0.369368 -1.000228 2.825612 5.693727 0.773817 
-1.000000 76.000000 0.375737 -1.000220 2.796741 5.767471 0.775243 
-1.000000 76.000000 0.382105 -1.000211 2.768722 5.841215 0.776633 
-1.000000 76.000000 0.388474 -1.000201 2.741515 5.911361 0.777990 
-1.000000 76.000000 0.394842 -1.000225 2.715083 5.983306 0.779316 
-1.000000 76.000000 0.401211 -1.000191 2.689390 6.057050 0.780610 
-1.000000 76.000000 0.407579 -1.000218 2.664402 6.130794 0.781875 
-1.000000 76.000000 0.413947 -1.000214 2.640087 6.200940 0.783112 
-1.000000 101.000000 0.215644 -1.000310 4.390202 4.894238 0.751188 
-1.000000 101.000000 0.220436 -1.000303 4.329867 4.956291 0.753265 
-1.000000 101.000000 0.225228 -1.000296 4.271883 5.021041 0.755275 
-1.000000 101.000000 0.230020 -1.000288 4.216106 5.083993 0.757221 
-1.000000 101.000000 0.234812 -1.000281 4.162403 5.155938 0.759106 
-1.000000 101.000000 0.239604 -1.000273 4.110650 5.226085 0.760934 
-1.000000 101.000000 0.244396 -1.000265 4.060738 5.296231 0.762708 
-1.000000 101.000000 0.249188 -1.000257 4.012561 5.371773 0.764430 
-1.000000 101.000000 0.253980 -1.000247 3.966024 5.447316 0.766104 
-1.000000 101.000000 0.258772 -1.000236 3.921040 5.522858 0.767731 
-1.000000 101.000000 0.263564 -1.000255 3.877534 5.595702 0.769313 
-1.000000 101.000000 0.268356 -1.000250 3.835488 5.673943 0.770854 
-1.000000 101.000000 0.273149 -1.000246 3.794682 5.749485 0.772355 
-1.000000 101.000000 0.277941 -1.000241 3.755119 5.827725 0.773817 
-1.000000 101.000000 0.282733 -1.000237 3.716728 5.902368 0.775243 
-1.000000 101.000000 0.287525 -1.000233 3.679492 5.977910 0.776633 
-1.000000 101.000000 0.292317 -1.000229 3.643336 6.051654 0.777990 
-1.000000 101.000000 0.297109 -1.000225 3.608208 6.132592 0.779316 
-1.000000 101.000000 0.301901 -1.000220 3.574062 6.208134 0.780610 
-1.000000 101.000000 0.306693 -1.000216 3.540852 6.285475 0.781875 
-1.000000 101.000000 0.311485 -1.000212 3.508537 6.359219 0.783112 
-1.000000 126.000000 0.172857 -1.000311 5.476901 4.958989 0.751188 
-1.000000 126.000000 0.176698 -1.000304 5.401631 5.021041 0.753265 
-1.000000 126.000000 0.180540 -1.000298 5.329296 5.088490 0.755275 
-1.000000 126.000000 0.184381 -1.000292 5.259711 5.158636 0.757221 
-1.000000 126.000000 0.188222 -1.000286 5.192713 5.231480 0.759106 
-1.000000 126.000000 0.192063 -1.000280 5.128149 5.303426 0.760934 
-1.000000 126.000000 0.195905 -1.000274 5.065880 5.377169 0.762708 
-1.000000 126.000000 0.199746 -1.000269 5.005776 5.450913 0.764430 
-1.000000 126.000000 0.203587 -1.000263 4.947716 5.531851 0.766104 
-1.000000 126.000000 0.207429 -1.000258 4.891591 5.611890 0.767731 
-1.000000 126.000000 0.211270 -1.000253 4.837296 5.684734 0.769313 
-1.000000 126.000000 0.215111 -1.000248 4.784737 5.762975 0.770854 
-1.000000 126.000000 0.218952 -1.000243 4.733825 5.843913 0.772355 
-1.000000 126.000000 0.222794 -1.000238 4.684476 5.922153 0.773817 
-1.000000 126.000000 0.226635 -1.000232 4.636616 6.008487 0.775243 
-1.000000 126.000000 0.230476 -1.000226 4.590175 6.089425 0.776633 
-1.000000 126.000000 0.234317 -1.000220 4.545177 6.167665 0.777990 
-1.000000 126.000000 0.238159 -1.000214 4.501368 6.248604 0.779316 
-1.000000 126.000000 0.242000 -1.000207 4.458742 6.325045 0.780610 
-1.000000 126.000000 0.245841 -1.000199 4.417306 6.404185 0.781875 
-1.000000 126.000000 0.249683 -1.000190 4.376993 6.479727 0.783112 
-1.000000 151.000000 0.144238 -1.000311 6.563602 5.015645 0.751188 
-1.000000 151.000000 0.147444 -1.000304 6.473399 5.077698 0.753265 
-1.000000 151.000000 0.150649 -1.000298 6.386710 5.147844 0.755275 
-1.000000 151.000000 0.153854 -1.000292 6.303319 5.226085 0.757221 
-1.000000 151.000000 0.157060 -1.000286 6.223029 5.293533 0.759106 
-1.000000 151.000000 0.160265 -1.000280 6.145655 5.363680 0.760934 
-1.000000 151.000000 0.163470 -1.000275 6.071030 5.444618 0.762708 
-1.000000 151.000000 0.166675 -1.000269 5.998999 5.517462 0.764430 
-1.000000 151.000000 0.169881 -1.000264 5.929418 5.601997 0.766104 
-1.000000 151.000000 0.173086 -1.000259 5.862155 5.679338 0.767731 
-1.000000 151.000000 0.176291 -1.000255 5.797087 5.762075 0.769313 
-1.000000 151.000000 0.179497 -1.000250 5.734098 5.841215 0.770854 
-1.000000 151.000000 0.182702 -1.000245 5.673081 5.924851 0.772355 
-1.000000 151.000000 0.185907 -1.000241 5.613939 6.005789 0.773817 
-1.000000 151.000000 0.189113 -1.000237 5.556578 6.094821 0.775243 
-1.000000 151.000000 0.192318 -1.000233 5.500911 6.175759 0.776633 
-1.000000 151.000000 0.195523 -1.000229 5.446858 6.256697 0.777990 
-1.000000 151.000000 0.198728 -1.000225 5.394344 6.334938 0.779316 
-1.000000 151.000000 0.201934 -1.000220 5.343299 6.423970 0.780610 
-1.000000 151.000000 0.205139 -1.000216 5.293656 6.499512 0.781875 
-1.000000 151.000000 0.208344 -1.000212 5.245463 6.585846 0.783112 
-1.000000 176.000000 0.123750 -1.000273 7.650444 5.064208 0.751188 
-1.000000 176.000000 0.126500 -1.000304 7.545166 5.126261 0.753265 
-1.000000 176.000000 0.129250 -1.000298 7.444125 5.196407 0.755275 
-1.000000 176.000000 0.132000 -1.000292 7.346929 5.266554 0.757221 
-1.000000 176.000000 0.134750 -1.000286 7.253344 5.344794 0.759106 
-1.000000 176.000000 0.137500 -1.000280 7.163161 5.417638 0.760934 
-1.000000 176.000000 0.140250 -1.000275 7.076181 5.506670 0.762708 
-1.000000 176.000000 0.143000 -1.000269 6.992224 5.579515 0.764430 
-1.000000 176.000000 0.145750 -1.000264 6.911124 5.657755 0.766104 
-1.000000 176.000000 0.148500 -1.000259 6.832724 5.741391 0.767731 
-1.000000 176.000000 0.151250 -1.000255 6.756882 5.825027 0.769313 
-1.000000 176.000000 0.154000 -1.000250 6.683463 5.907764 0.770854 
-1.000000 176.000000 0.156750 -1.000246 6.612344 5.990501 0.772355 
-1.000000 176.000000 0.159500 -1.000241 6.543409 6.076835 0.773817 
-1.000000 176.000000 0.162250 -1.000237 6.476549 6.162270 0.775243 
-1.000000 176.000000 0.165000 -1.000233 6.411665 6.248604 0.776633 
-1.000000 176.000000 0.167750 -1.000229 6.348662 6.332240 0.777990 
-1.000000 176.000000 0.170500 -1.000225 6.287451 6.418574 0.779316 
-1.000000 176.000000 0.173250 -1.000221 6.227950 6.504908 0.780610 
-1.000000 176.000000 0.176000 -1.000218 6.170083 6.583148 0.781875 
-1.000000 176.000000 0.178750 -1.000214 6.113775 6.666784 0.783112 
-1.000000 201.000000 0.108358 -1.000304 8.737157 5.101979 0.751188 
-1.000000 201.000000 0.110766 -1.000294 8.617084 5.166730 0.753265 
-1.000000 201.000000 0.113174 -1.000283 8.501688 5.236876 0.755275 
-1.000000 201.000000 0.115582 -1.000270 8.390683 5.312419 0.757221 
-1.000000 201.000000 0.117990 -1.000257 8.283804 5.387961 0.759106 
-1.000000 201.000000 0.120398 -1.000241 8.180808 5.463503 0.760934 
-1.000000 201.000000 0.122806 -1.000275 8.081331 5.547139 0.762708 
-1.000000 201.000000 0.125214 -1.000269 7.985450 5.628078 0.764430 
-1.000000 201.000000 0.127622 -1.000264 7.892830 5.714412 0.766104 
-1.000000 201.000000 0.130030 -1.000259 7.803294 5.798048 0.767731 
-1.000000 201.000000 0.132438 -1.000255 7.716679 5.878986 0.769313 
-1.000000 201.000000 0.134846 -1.000250 7.632831 5.965320 0.770854 
-1.000000 201.000000 0.137254 -1.000246 7.551609 6.051654 0.772355 
-1.000000 201.000000 0.139662 -1.000241 7.472883 6.139787 0.773817 
-1.000000 201.000000 0.142070 -1.000237 7.396525 6.226121 0.775243 
-1.000000 201.000000 0.144478 -1.000233 7.322423 6.310656 0.776633 
-1.000000 201.000000 0.146886 -1.000229 7.250469 6.398789 0.777990 
-1.000000 201.000000 0.149294 -1.000225 7.180563 6.488720 0.779316 
-1.000000 201.000000 0.151701 -1.000222 7.112610 6.575054 0.780610 
-1.000000 201.000000 0.154109 -1.000218 7.046521 6.655992 0.781875 
-1.000000 201.000000 0.156517 -1.000214 6.982213 6.739629 0.783112 
-1.000000 226.000000 0.096372 -1.000311 9.823697 5.137053 0.751188 
-1.000000 226.000000 0.098513 -1.000304 9.688694 5.207199 0.753265 
-1.000000 226.000000 0.100655 -1.000295 9.559115 5.274648 0.755275 
-1.000000 226.000000 0.102796 -1.000287 9.434303 5.350190 0.757221 
-1.000000 226.000000 0.104938 -1.000279 9.314131 5.425732 0.759106 
-1.000000 226.000000 0.107080 -1.000271 9.198326 5.506670 0.760934 
-1.000000 226.000000 0.109221 -1.000262 9.086635 5.587608 0.762708 
-1.000000 226.000000 0.111363 -1.000252 8.978826 5.668547 0.764430 
-1.000000 226.000000 0.113504 -1.000241 8.874684 5.754881 0.766104 
-1.000000 226.000000 0.115646 -1.000229 8.774011 5.841215 0.767731 
-1.000000 226.000000 0.117788 -1.000215 8.676622 5.927549 0.769313 
-1.000000 226.000000 0.119929 -1.000250 8.582200 6.019279 0.770854 
-1.000000 226.000000 0.122071 -1.000246 8.490876 6.108311 0.772355 
-1.000000 226.000000 0.124212 -1.000241 8.402357 6.194645 0.773817 
-1.000000 226.000000 0.126354 -1.000237 8.316502 6.283677 0.775243 
-1.000000 226.000000 0.128496 -1.000233 8.233183 6.368212 0.776633 
-1.000000 226.000000 0.130637 -1.000229 8.152280 6.458144 0.777990 
-1.000000 226.000000 0.132779 -1.000225 8.073679 6.544478 0.779316 
-1.000000 226.000000 0.134920 -1.000222 7.997273 6.632610 0.780610 
-1.000000 226.000000 0.137062 -1.000218 7.922963 6.723441 0.781875 
-1.000000 226.000000 0.139204 -1.000214 7.850656 6.807077 0.783112 
-1.000000 251.000000 0.086773 -1.000311 10.910393 5.166730 0.751188 
-1.000000 251.000000 0.088701 -1.000304 10.760456 5.234178 0.753265 
-1.000000 251.000000 0.090629 -1.000298 10.616360 5.309721 0.755275 
-1.000000 251.000000 0.092558 -1.000292 10.477747 5.385263 0.757221 
-1.000000 251.000000 0.094486 -1.000286 10.344285 5.458107 0.759106 
-1.000000 251.000000 0.096414 -1.000278 10.215842 5.539046 0.760934 
-1.000000 251.000000 0.098343 -1.000271 10.091797 5.625380 0.762708 
-1.000000 251.000000 0.100271 -1.000265 9.972062 5.711714 0.764430 
-1.000000 251.000000 0.102199 -1.000258 9.856401 5.798048 0.766104 
-1.000000 251.000000 0.104127 -1.000251 9.744591 5.884382 0.767731 
-1.000000 251.000000 0.106056 -1.000244 9.636429 5.970716 0.769313 
-1.000000 251.000000 0.107984 -1.000236 9.531723 6.062446 0.770854 
-1.000000 251.000000 0.109912 -1.000227 9.430296 6.148780 0.772355 
-1.000000 251.000000 0.111841 -1.000217 9.331983 6.240510 0.773817 
-1.000000 251.000000 0.113769 -1.000206 9.236630 6.332240 0.775243 
-1.000000 251.000000 0.115697 -1.000193 9.144094 6.418574 0.776633 
-1.000000 251.000000 0.117625 -1.000229 9.054092 6.507606 0.777990 
-1.000000 251.000000 0.119554 -1.000225 8.966796 6.596638 0.779316 
-1.000000 251.000000 0.121482 -1.000222 8.881938 6.686569 0.780610 
-1.000000 251.000000 0.123410 -1.000218 8.799408 6.776500 0.781875 
-1.000000 251.000000 0.125339 -1.000214 8.719102 6.862834 0.783112 
-1.000000 276.000000 0.078913 -1.000287 11.997296 5.199105 0.751188 
-1.000000 276.000000 0.080667 -1.000271 11.832420 5.263856 0.753265 
-1.000000 276.000000 0.082420 -1.000298 11.673770 5.336700 0.755275 
-1.000000 276.000000 0.084174 -1.000292 11.521350 5.414940 0.757221 
-1.000000 276.000000 0.085928 -1.000286 11.374597 5.493181 0.759106 
-1.000000 276.000000 0.087681 -1.000280 11.233175 5.574119 0.760934 
-1.000000 276.000000 0.089435 -1.000275 11.096778 5.660453 0.762708 
-1.000000 276.000000 0.091188 -1.000269 10.965122 5.749485 0.764430 
-1.000000 276.000000 0.092942 -1.000264 10.837944 5.830423 0.766104 
-1.000000 276.000000 0.094696 -1.000257 10.715171 5.922153 0.767731 
-1.000000 276.000000 0.096449 -1.000252 10.596236 6.008487 0.769313 
-1.000000 276.000000 0.098203 -1.000246 10.481101 6.100217 0.770854 
-1.000000 276.000000 0.099957 -1.000240 10.369572 6.191947 0.772355 
-1.000000 276.000000 0.101710 -1.000234 10.261467 6.283677 0.773817 
-1.000000 276.000000 0.103464 -1.000228 10.156617 6.375407 0.775243 
-1.000000 276.000000 0.105217 -1.000221 10.054865 6.467137 0.776633 
-1.000000 276.000000 0.106971 -1.000213 9.956061 6.558867 0.777990 
-1.000000 276.000000 0.108725 -1.000205 9.860069 6.650597 0.779316 
-1.000000 276.000000 0.110478 -1.000196 9.766758 6.736931 0.780610 
-1.000000 276.000000 0.112232 -1.000186 9.676007 6.826862 0.781875 
-1.000000 276.000000 0.113986 -1.000174 9.587702 6.916793 0.783112 
-1.000000 301.000000 0.072359 -1.000303 13.084009 5.220689 0.751188 
-1.000000 301.000000 0.073967 -1.000293 12.904198 5.290835 0.753265 
-1.000000 301.000000 0.075575 -1.000282 12.731393 5.366377 0.755275 
-1.000000 301.000000 0.077183 -1.000269 12.565162 5.441920 0.757221 
-1.000000 301.000000 0.078791 -1.000255 12.405111 5.522858 0.759106 
-1.000000 301.000000 0.080399 -1.000280 12.250676 5.603796 0.760934 
-1.000000 301.000000 0.082007 -1.000275 12.101924 5.687432 0.762708 
-1.000000 301.000000 0.083615 -1.000269 11.958343 5.773766 0.764430 
-1.000000 301.000000 0.085223 -1.000264 11.819646 5.862798 0.766104 
-1.000000 301.000000 0.086831 -1.000259 11.685568 5.959924 0.767731 
-1.000000 301.000000 0.088439 -1.000255 11.555863 6.048956 0.769313 
-1.000000 301.000000 0.090047 -1.000250 11.430302 6.140686 0.770854 
-1.000000 301.000000 0.091654 -1.000246 11.308674 6.229718 0.772355 
-1.000000 301.000000 0.093262 -1.000239 11.190951 6.321448 0.773817 
-1.000000 301.000000 0.094870 -1.000234 11.076605 6.418574 0.775243 
-1.000000 301.000000 0.096478 -1.000229 10.965635 6.510304 0.776633 
-1.000000 301.000000 0.098086 -1.000224 10.857882 6.602034 0.777990 
-1.000000 301.000000 0.099694 -1.000219 10.753195 6.693764 0.779316 
-1.000000 301.000000 0.101302 -1.000213 10.651432 6.785493 0.780610 
-1.000000 301.000000 0.102910 -1.000207 10.552461 6.877223 0.781875 
-1.000000 301.000000 0.104518 -1.000200 10.456157 6.967155 0.783112 
-1.000000 326.000000 0.066810 -1.000308 14.170721 5.247668 0.751188 
-1.000000 326.000000 0.068294 -1.000300 13.975976 5.317815 0.753265 
-1.000000 326.000000 0.069779 -1.000292 13.788818 5.387961 0.755275 
-1.000000 326.000000 0.071264 -1.000284 13.608781 5.463503 0.757221 
-1.000000 326.000000 0.072748 -1.000274 13.435436 5.544441 0.759106 
-1.000000 326.000000 0.074233 -1.000264 13.268390 5.630775 0.760934 
-1.000000 326.000000 0.075718 -1.000253 13.107279 5.717110 0.762708 
-1.000000 326.000000 0.077202 -1.000240 12.951768 5.803444 0.764430 
-1.000000 326.000000 0.078687 -1.000264 12.801348 5.895174 0.766104 
-1.000000 326.000000 0.080172 -1.000259 12.656134 5.992299 0.767731 
-1.000000 326.000000 0.081656 -1.000255 12.515657 6.081331 0.769313 
-1.000000 326.000000 0.083141 -1.000250 12.379668 6.173061 0.770854 
-1.000000 326.000000 0.084626 -1.000246 12.247937 6.264791 0.772355 
-1.000000 326.000000 0.086110 -1.000241 12.120252 6.364615 0.773817 
-1.000000 326.000000 0.087595 -1.000237 11.996411 6.453647 0.775243 
-1.000000 326.000000 0.089080 -1.000233 11.876227 6.550773 0.776633 
-1.000000 326.000000 0.090564 -1.000229 11.759527 6.642503 0.777990 
-1.000000 326.000000 0.092049 -1.000223 11.646321 6.736931 0.779316 
-1.000000 326.000000 0.093534 -1.000219 11.536106 6.828661 0.780610 
-1.000000 326.000000 0.095018 -1.000214 11.428915 6.920390 0.781875 
-1.000000 326.000000 0.096503 -1.000209 11.324612 7.012120 0.783112 
-1.000000 351.000000 0.062051 -1.000310 15.257433 5.269252 0.751188 
-1.000000 351.000000 0.063430 -1.000303 15.047754 5.339398 0.753265 
-1.000000 351.000000 0.064809 -1.000296 14.846243 5.409544 0.755275 
-1.000000 351.000000 0.066188 -1.000289 14.652400 5.490483 0.757221 
-1.000000 351.000000 0.067567 -1.000281 14.465762 5.571421 0.759106 
-1.000000 351.000000 0.068946 -1.000274 14.285905 5.657755 0.760934 
-1.000000 351.000000 0.070325 -1.000266 14.112440 5.744089 0.762708 
-1.000000 351.000000 0.071704 -1.000258 13.945003 5.830423 0.764430 
-1.000000 351.000000 0.073083 -1.000248 13.783263 5.922153 0.766104 
-1.000000 351.000000 0.074462 -1.000259 13.626700 6.021977 0.767731 
-1.000000 351.000000 0.075840 -1.000255 13.475450 6.111009 0.769313 
-1.000000 351.000000 0.077219 -1.000250 13.329033 6.208134 0.770854 
-1.000000 351.000000 0.078598 -1.000246 13.187201 6.299864 0.772355 
-1.000000 351.000000 0.079977 -1.000241 13.049724 6.396990 0.773817 
-1.000000 351.000000 0.081356 -1.000237 12.916386 6.491418 0.775243 
-1.000000 351.000000 0.082735 -1.000233 12.786987 6.588544 0.776633 
-1.000000 351.000000 0.084114 -1.000229 12.661337 6.680274 0.777990 
-1.000000 351.000000 0.085493 -1.000225 12.539263 6.777400 0.779316 
-1.000000 351.000000 0.086872 -1.000222 12.420598 6.869130 0.780610 
-1.000000 351.000000 0.088251 -1.000218 12.305189 6.958162 0.781875 
-1.000000 351.000000 0.089630 -1.000212 12.193068 7.055287 0.783112 
-1.000000 376.000000 0.057926 -1.000311 16.344145 5.290835 0.751188 
-1.000000 376.000000 0.059213 -1.000304 16.119531 5.360982 0.753265 
-1.000000 376.000000 0.060500 -1.000297 15.903668 5.431128 0.755275 
-1.000000 376.000000 0.061787 -1.000291 15.696018 5.512066 0.757221 
-1.000000 376.000000 0.063074 -1.000284 15.496087 5.593004 0.759106 
-1.000000 376.000000 0.064362 -1.000278 15.303421 5.679338 0.760934 
-1.000000 376.000000 0.065649 -1.000271 15.117600 5.765672 0.762708 
-1.000000 376.000000 0.066936 -1.000265 14.938238 5.857402 0.764430 
-1.000000 376.000000 0.068223 -1.000258 14.764978 5.949132 0.766104 
-1.000000 376.000000 0.069511 -1.000251 14.597488 6.046258 0.767731 
-1.000000 376.000000 0.070798 -1.000243 14.435460 6.137988 0.769313 
-1.000000 376.000000 0.072085 -1.000250 14.278397 6.232416 0.770854 
-1.000000 376.000000 0.073372 -1.000246 14.126464 6.329542 0.772355 
-1.000000 376.000000 0.074660 -1.000241 13.979196 6.429366 0.773817 
-1.000000 376.000000 0.075947 -1.000237 13.836361 6.521095 0.775243 
-1.000000 376.000000 0.077234 -1.000233 13.697745 6.620919 0.776633 
-1.000000 376.000000 0.078521 -1.000229 13.563147 6.712649 0.777990 
-1.000000 376.000000 0.079809 -1.000225 13.432378 6.809775 0.779316 
-1.000000 376.000000 0.081096 -1.000222 13.305262 6.901505 0.780610 
-1.000000 376.000000 0.082383 -1.000218 13.181634 6.998631 0.781875 
-1.000000 376.000000 0.083670 -1.000214 13.061336 7.090361 0.783112 
-1.000000 401.000000 0.054314 -1.000311 17.430857 5.307023 0.751188 
-1.000000 401.000000 0.055521 -1.000304 17.191309 5.377169 0.753265 
-1.000000 401.000000 0.056728 -1.000298 16.961093 5.452711 0.755275 
-1.000000 401.000000 0.057935 -1.000291 16.739637 5.533650 0.757221 
-1.000000 401.000000 0.059142 -1.000285 16.526412 5.614588 0.759106 
-1.000000 401.000000 0.060349 -1.000279 16.320936 5.700922 0.760934 
-1.000000 401.000000 0.061556 -1.000273 16.122760 5.792652 0.762708 
-1.000000 401.000000 0.062763 -1.000267 15.931473 5.884382 0.764430 
-1.000000 401.000000 0.063970 -1.000262 15.746692 5.976112 0.766104 
-1.000000 401.000000 0.065177 -1.000256 15.568066 6.067842 0.767731 
-1.000000 401.000000 0.066384 -1.000250 15.395266 6.164967 0.769313 
-1.000000 401.000000 0.067591 -1.000243 15.227988 6.262093 0.770854 
-1.000000 401.000000 0.068798 -1.000220 15.065949 6.359219 0.772355 
-1.000000 401.000000 0.070005 -1.000208 14.908884 6.456345 0.773817 
-1.000000 401.000000 0.071212 -1.000237 14.756335 6.553471 0.775243 
-1.000000 401.000000 0.072419 -1.000233 14.608503 6.653294 0.776633 
-1.000000 401.000000 0.073626 -1.000229 14.464957 6.745024 0.777990 
-1.000000 401.000000 0.074833 -1.000225 14.325494 6.842150 0.779316 
-1.000000 401.000000 0.076040 -1.000222 14.189926 6.941974 0.780610 
-1.000000 401.000000 0.077247 -1.000218 14.058077 7.033704 0.781875 
-1.000000 401.000000 0.078454 -1.000214 13.929782 7.130830 0.783112 
-1.000000 426.000000 0.051127 -1.000289 18.517569 5.334002 0.751188 
-1.000000 426.000000 0.052263 -1.000304 18.263086 5.398753 0.753265 
-1.000000 426.000000 0.053399 -1.000298 18.018518 5.468899 0.755275 
-1.000000 426.000000 0.054535 -1.000292 17.783255 5.549837 0.757221 
-1.000000 426.000000 0.055671 -1.000286 17.556738 5.636171 0.759106 
-1.000000 426.000000 0.056808 -1.000280 17.338451 5.722505 0.760934 
-1.000000 426.000000 0.057944 -1.000274 17.127920 5.814235 0.762708 
-1.000000 426.000000 0.059080 -1.000268 16.924707 5.905965 0.764430 
-1.000000 426.000000 0.060216 -1.000263 16.728407 5.997695 0.766104 
-1.000000 426.000000 0.061352 -1.000258 16.538644 6.094821 0.767731 
-1.000000 426.000000 0.062488 -1.000252 16.355071 6.191947 0.769313 
-1.000000 426.000000 0.063624 -1.000247 16.177365 6.289073 0.770854 
-1.000000 426.000000 0.064761 -1.000242 16.005223 6.386198 0.772355 
-1.000000 426.000000 0.065897 -1.000236 15.838367 6.483324 0.773817 
-1.000000 426.000000 0.067033 -1.000217 15.676535 6.580450 0.775243 
-1.000000 426.000000 0.068169 -1.000207 15.519483 6.677576 0.776633 
-1.000000 426.000000 0.069305 -1.000196 15.366983 6.774702 0.777990 
-1.000000 426.000000 0.070441 -1.000225 15.218608 6.877223 0.779316 
-1.000000 426.000000 0.071577 -1.000222 15.074588 6.971651 0.780610 
-1.000000 426.000000 0.072714 -1.000218 14.934520 7.068777 0.781875 
-1.000000 426.000000 0.073850 -1.000214 14.798227 7.160507 0.783112 
-1.000000 451.000000 0.048293 -1.000300 19.604281 5.344794 0.751188 
-1.000000 451.000000 0.049366 -1.000289 19.334864 5.420336 0.753265 
-1.000000 451.000000 0.050439 -1.000277 19.075943 5.490483 0.755275 
-1.000000 451.000000 0.051512 -1.000292 18.826874 5.571421 0.757221 
-1.000000 451.000000 0.052585 -1.000286 18.587063 5.652359 0.759106 
-1.000000 451.000000 0.053659 -1.000280 18.355966 5.744089 0.760934 
-1.000000 451.000000 0.054732 -1.000274 18.133080 5.830423 0.762708 
-1.000000 451.000000 0.055805 -1.000269 17.917941 5.927549 0.764430 
-1.000000 451.000000 0.056878 -1.000264 17.710121 6.019279 0.766104 
-1.000000 451.000000 0.057951 -1.000259 17.509223 6.116405 0.767731 
-1.000000 451.000000 0.059024 -1.000254 17.314877 6.213530 0.769313 
-1.000000 451.000000 0.060098 -1.000249 17.126741 6.310656 0.770854 
-1.000000 451.000000 0.061171 -1.000244 16.944498 6.407782 0.772355 
-1.000000 451.000000 0.062244 -1.000239 16.767850 6.510304 0.773817 
-1.000000 451.000000 0.063317 -1.000234 16.596520 6.607430 0.775243 
-1.000000 451.000000 0.064390 -1.000229 16.430252 6.704555 0.776633 
-1.000000 451.000000 0.065463 -1.000213 16.268803 6.807077 0.777990 
-1.000000 451.000000 0.066537 -1.000205 16.111947 6.904203 0.779316 
-1.000000 451.000000 0.067610 -1.000195 15.959473 7.001329 0.780610 
-1.000000 451.000000 0.068683 -1.000185 15.811182 7.098454 0.781875 
-1.000000 451.000000 0.069756 -1.000214 15.666672 7.195580 0.783112 
-1.000000 476.000000 0.045756 -1.000306 20.690992 5.366377 0.751188 
-1.000000 476.000000 0.046773 -1.000297 20.406641 5.431128 0.753265 
-1.000000 476.000000 0.047790 -1.000287 20.133368 5.506670 0.755275 
-1.000000 476.000000 0.048807 -1.000277 19.870492 5.587608 0.757221 
-1.000000 476.000000 0.049824 -1.000266 19.617388 5.668547 0.759106 
-1.000000 476.000000 0.050840 -1.000280 19.373481 5.760277 0.760934 
-1.000000 476.000000 0.051857 -1.000274 19.138240 5.852007 0.762708 
-1.000000 476.000000 0.052874 -1.000269 18.911176 5.943736 0.764430 
-1.000000 476.000000 0.053891 -1.000264 18.691836 6.040862 0.766104 
-1.000000 476.000000 0.054908 -1.000259 18.479801 6.137988 0.767731 
-1.000000 476.000000 0.055924 -1.000254 18.274682 6.235114 0.769313 
-1.000000 476.000000 0.056941 -1.000249 18.076118 6.332240 0.770854 
-1.000000 476.000000 0.057958 -1.000245 17.883772 6.434761 0.772355 
-1.000000 476.000000 0.058975 -1.000240 17.697332 6.531887 0.773817 
-1.000000 476.000000 0.059992 -1.000236 17.516506 6.634409 0.775243 
-1.000000 476.000000 0.061008 -1.000231 17.341021 6.731535 0.776633 
-1.000000 476.000000 0.062025 -1.000227 17.170622 6.834056 0.777990 
-1.000000 476.000000 0.063042 -1.000215 17.005072 6.931182 0.779316 
-1.000000 476.000000 0.064059 -1.000209 16.844145 7.028308 0.780610 
-1.000000 476.000000 0.065076 -1.000201 16.687634 7.125434 0.781875 
-1.000000 476.000000 0.066092 -1.000193 16.535341 7.222560 0.783112 
-1.000000 501.000000 0.043473 -1.000309 21.777776 5.377169 0.751188 
-1.000000 501.000000 0.044439 -1.000301 21.478481 5.452711 0.753265 
-1.000000 501.000000 0.045405 -1.000292 21.190829 5.528254 0.755275 
-1.000000 501.000000 0.046371 -1.000284 20.914111 5.603796 0.757221 
-1.000000 501.000000 0.047337 -1.000275 20.647713 5.690130 0.759106 
-1.000000 501.000000 0.048303 -1.000266 20.390996 5.776464 0.760934 
-1.000000 501.000000 0.049269 -1.000255 20.143400 5.868194 0.762708 
-1.000000 501.000000 0.050236 -1.000269 19.904410 5.965320 0.764430 
-1.000000 501.000000 0.051202 -1.000264 19.673550 6.062446 0.766104 
-1.000000 501.000000 0.052168 -1.000259 19.450379 6.159572 0.767731 
-1.000000 501.000000 0.053134 -1.000254 19.234487 6.256697 0.769313 
-1.000000 501.000000 0.054100 -1.000250 19.025494 6.359219 0.770854 
-1.000000 501.000000 0.055066 -1.000245 18.823046 6.456345 0.772355 
-1.000000 501.000000 0.056032 -1.000241 18.626814 6.558867 0.773817 
-1.000000 501.000000 0.056998 -1.000237 18.436491 6.655992 0.775243 
-1.000000 501.000000 0.057964 -1.000232 18.251789 6.758514 0.776633 
-1.000000 501.000000 0.058930 -1.000228 18.072441 6.861036 0.777990 
-1.000000 501.000000 0.059896 -1.000224 17.898196 6.958162 0.779316 
-1.000000 501.000000 0.060862 -1.000219 17.728818 7.055287 0.780610 
-1.000000 501.000000 0.061828 -1.000209 17.564087 7.157809 0.781875 
-1.000000 501.000000 0.062794 -1.000203 17.403795 7.254935 0.783112 
-1.000000 526.000000 0.041407 -1.000311 22.864472 5.398753 0.751188 
-1.000000 526.000000 0.042327 -1.000303 22.550380 5.463503 0.753265 
-1.000000 526.000000 0.043247 -1.000295 22.248392 5.539046 0.755275 
-1.000000 526.000000 0.044167 -1.000288 21.957877 5.625380 0.757221 
-1.000000 526.000000 0.045087 -1.000280 21.678151 5.711714 0.759106 
-1.000000 526.000000 0.046008 -1.000272 21.408606 5.792652 0.760934 
-1.000000 526.000000 0.046928 -1.000264 21.148620 5.884382 0.762708 
-1.000000 526.000000 0.047848 -1.000255 20.897644 5.981508 0.764430 
-1.000000 526.000000 0.048768 -1.000245 20.655264 6.078633 0.766104 
-1.000000 526.000000 0.049688 -1.000259 20.420957 6.175759 0.767731 
-1.000000 526.000000 0.050608 -1.000255 20.194292 6.278281 0.769313 
-1.000000 526.000000 0.051529 -1.000250 19.974870 6.375407 0.770854 
-1.000000 526.000000 0.052449 -1.000246 19.762320 6.477928 0.772355 
-1.000000 526.000000 0.053369 -1.000241 19.556296 6.580450 0.773817 
-1.000000 526.000000 0.054289 -1.000237 19.356476 6.682972 0.775243 
-1.000000 526.000000 0.055209 -1.000233 19.162558 6.780098 0.776633 
-1.000000 526.000000 0.056129 -1.000229 18.974261 6.882619 0.777990 
-1.000000 526.000000 0.057049 -1.000225 18.791320 6.985141 0.779316 
-1.000000 526.000000 0.057970 -1.000221 18.613491 7.082267 0.780610 
-1.000000 526.000000 0.058890 -1.000216 18.440539 7.184789 0.781875 
-1.000000 526.000000 0.059810 -1.000212 18.272249 7.281914 0.783112 
-1.000000 551.000000 0.039528 -1.000311 23.951148 5.404149 0.751188 
-1.000000 551.000000 0.040407 -1.000304 23.622018 5.474295 0.753265 
-1.000000 551.000000 0.041285 -1.000298 23.305706 5.549837 0.755275 
-1.000000 551.000000 0.042163 -1.000290 23.001619 5.636171 0.757221 
-1.000000 551.000000 0.043042 -1.000283 22.708694 5.722505 0.759106 
-1.000000 551.000000 0.043920 -1.000276 22.426276 5.808839 0.760934 
-1.000000 551.000000 0.044799 -1.000269 22.153909 5.900569 0.762708 
-1.000000 551.000000 0.045677 -1.000261 21.891043 5.997695 0.764430 
-1.000000 551.000000 0.046555 -1.000254 21.637107 6.094821 0.766104 
-1.000000 551.000000 0.047434 -1.000245 21.391622 6.197343 0.767731 
-1.000000 551.000000 0.048312 -1.000236 21.154150 6.294469 0.769313 
-1.000000 551.000000 0.049191 -1.000250 20.924246 6.396990 0.770854 
-1.000000 551.000000 0.050069 -1.000246 20.701594 6.499512 0.772355 
-1.000000 551.000000 0.050947 -1.000241 20.485779 6.602034 0.773817 
-1.000000 551.000000 0.051826 -1.000237 20.276461 6.704555 0.775243 
-1.000000 551.000000 0.052704 -1.000233 20.073327 6.807077 0.776633 
-1.000000 551.000000 0.053583 -1.000229 19.876080 6.904203 0.777990 
-1.000000 551.000000 0.054461 -1.000225 19.684445 7.006725 0.779316 
-1.000000 551.000000 0.055339 -1.000221 19.498163 7.109246 0.780610 
-1.000000 551.000000 0.056218 -1.000217 19.316992 7.206372 0.781875 
-1.000000 551.000000 0.057096 -1.000213 19.140703 7.308894 0.783112 
-1.000000 576.000000 0.037812 -1.000293 25.037891 5.420336 0.751188 
-1.000000 576.000000 0.038653 -1.000279 24.693802 5.485087 0.753265 
-1.000000 576.000000 0.039493 -1.000298 24.363074 5.576817 0.755275 
-1.000000 576.000000 0.040333 -1.000292 24.044999 5.652359 0.757221 
-1.000000 576.000000 0.041174 -1.000286 23.738740 5.738693 0.759106 
-1.000000 576.000000 0.042014 -1.000278 23.443617 5.830423 0.760934 
-1.000000 576.000000 0.042854 -1.000272 23.158963 5.916757 0.762708 
-1.000000 576.000000 0.043694 -1.000265 22.884201 6.013883 0.764430 
-1.000000 576.000000 0.044535 -1.000258 22.618957 6.111009 0.766104 
-1.000000 576.000000 0.045375 -1.000251 22.362388 6.213530 0.767731 
-1.000000 576.000000 0.046215 -1.000244 22.114092 6.316052 0.769313 
-1.000000 576.000000 0.047056 -1.000236 21.873775 6.418574 0.770854 
-1.000000 576.000000 0.047896 -1.000228 21.640987 6.521095 0.772355 
-1.000000 576.000000 0.048736 -1.000241 21.415340 6.623617 0.773817 
-1.000000 576.000000 0.049576 -1.000237 21.196446 6.726139 0.775243 
-1.000000 576.000000 0.050417 -1.000233 20.984095 6.828661 0.776633 
-1.000000 576.000000 0.051257 -1.000229 20.777899 6.931182 0.777990 
-1.000000 576.000000 0.052097 -1.000225 20.577569 7.028308 0.779316 
-1.000000 576.000000 0.052937 -1.000221 20.382835 7.130830 0.780610 
-1.000000 576.000000 0.053778 -1.000217 20.193444 7.233351 0.781875 
-1.000000 576.000000 0.054618 -1.000214 20.009157 7.330477 0.783112 
-1.000000 601.000000 0.036240 -1.000311 26.124551 5.431128 0.751188 
-1.000000 601.000000 0.037045 -1.000304 25.765528 5.501274 0.753265 
-1.000000 601.000000 0.037850 -1.000278 25.420544 5.582213 0.755275 
-1.000000 601.000000 0.038656 -1.000264 25.088634 5.657755 0.757221 
-1.000000 601.000000 0.039461 -1.000286 24.769014 5.754881 0.759106 
-1.000000 601.000000 0.040266 -1.000280 24.461082 5.841215 0.760934 
-1.000000 601.000000 0.041072 -1.000275 24.164106 5.938341 0.762708 
-1.000000 601.000000 0.041877 -1.000267 23.877421 6.030070 0.764430 
-1.000000 601.000000 0.042682 -1.000261 23.600487 6.127196 0.766103 
-1.000000 601.000000 0.043488 -1.000255 23.332774 6.229718 0.767731 
-1.000000 601.000000 0.044293 -1.000249 23.073795 6.332240 0.769313 
-1.000000 601.000000 0.045098 -1.000242 22.823092 6.434761 0.770854 
-1.000000 601.000000 0.045903 -1.000235 22.580400 6.537283 0.772355 
-1.000000 601.000000 0.046709 -1.000228 22.344973 6.639805 0.773817 
-1.000000 601.000000 0.047514 -1.000220 22.116608 6.742326 0.775243 
-1.000000 601.000000 0.048319 -1.000233 21.894993 6.850244 0.776633 
-1.000000 601.000000 0.049125 -1.000229 21.679807 6.952766 0.777990 
-1.000000 601.000000 0.049930 -1.000225 21.470732 7.055287 0.779316 
-1.000000 601.000000 0.050735 -1.000221 21.267507 7.152413 0.780610 
-1.000000 601.000000 0.051541 -1.000218 21.069896 7.254935 0.781875 
-1.000000 601.000000 0.052346 -1.000214 20.877611 7.357457 0.783112 
-1.000000 626.000000 0.034792 -1.000311 27.211263 5.441920 0.751188 
-1.000000 626.000000 0.035565 -1.000304 26.837306 5.517462 0.753265 
-1.000000 626.000000 0.036339 -1.000298 26.477917 5.587608 0.755275 
-1.000000 626.000000 0.037112 -1.000291 26.132202 5.673943 0.757221 
-1.000000 626.000000 0.037885 -1.000263 25.799390 5.765672 0.759106 
-1.000000 626.000000 0.038658 -1.000280 25.478570 5.852007 0.760934 
-1.000000 626.000000 0.039431 -1.000275 25.169199 5.949132 0.762708 
-1.000000 626.000000 0.040204 -1.000269 24.870604 6.057050 0.764430 
-1.000000 626.000000 0.040978 -1.000262 24.582187 6.143384 0.766103 
-1.000000 626.000000 0.041751 -1.000257 24.303343 6.245906 0.767731 
-1.000000 626.000000 0.042524 -1.000251 24.033589 6.348427 0.769313 
-1.000000 626.000000 0.043297 -1.000245 23.772456 6.450949 0.770854 
-1.000000 626.000000 0.044070 -1.000240 23.519501 6.553471 0.772355 
-1.000000 626.000000 0.044843 -1.000233 23.274313 6.661388 0.773817 
-1.000000 626.000000 0.045617 -1.000227 23.036509 6.763910 0.775243 
-1.000000 626.000000 0.046390 -1.000220 22.805884 6.866432 0.776633 
-1.000000 626.000000 0.047163 -1.000212 22.581852 6.968953 0.777990 
-1.000000 626.000000 0.047936 -1.000225 22.364006 7.076871 0.779316 
-1.000000 626.000000 0.048709 -1.000222 22.152320 7.173997 0.780610 
-1.000000 626.000000 0.049482 -1.000218 21.946447 7.276518 0.781875 
-1.000000 626.000000 0.050256 -1.000214 21.746118 7.379040 0.783112 
-1.000000 651.000000 0.033456 -1.000311 28.297975 5.452711 0.751188 
-1.000000 651.000000 0.034200 -1.000304 27.909083 5.528254 0.753265 
-1.000000 651.000000 0.034943 -1.000298 27.535342 5.603796 0.755275 
-1.000000 651.000000 0.035687 -1.000291 27.175820 5.684734 0.757221 
-1.000000 651.000000 0.036430 -1.000285 26.829663 5.771068 0.759106 
-1.000000 651.000000 0.037174 -1.000279 26.496084 5.862798 0.760934 
-1.000000 651.000000 0.037917 -1.000274 26.174357 5.959924 0.762708 
-1.000000 651.000000 0.038661 -1.000269 25.863815 6.062446 0.764430 
-1.000000 651.000000 0.039404 -1.000264 25.563836 6.159572 0.766104 
-1.000000 651.000000 0.040147 -1.000259 25.273866 6.264791 0.767731 
-1.000000 651.000000 0.040891 -1.000253 24.993381 6.364615 0.769313 
-1.000000 651.000000 0.041634 -1.000247 24.721823 6.467137 0.770854 
-1.000000 651.000000 0.042378 -1.000242 24.458765 6.575054 0.772355 
-1.000000 651.000000 0.043121 -1.000237 24.203785 6.677576 0.773817 
-1.000000 651.000000 0.043865 -1.000231 23.956483 6.785493 0.775243 
-1.000000 651.000000 0.044608 -1.000225 23.716485 6.888015 0.776633 
-1.000000 651.000000 0.045352 -1.000219 23.483444 6.990537 0.777990 
-1.000000 651.000000 0.046095 -1.000212 23.257034 7.093059 0.779316 
-1.000000 651.000000 0.046839 -1.000205 23.036949 7.195580 0.780610 
-1.000000 651.000000 0.047582 -1.000218 22.823049 7.298102 0.781875 
-1.000000 651.000000 0.048326 -1.000214 22.614717 7.400624 0.783112 
-1.000000 676.000000 0.032219 -1.000290 29.384687 5.463503 0.751188 
-1.000000 676.000000 0.032935 -1.000304 28.980860 5.539046 0.753265 
-1.000000 676.000000 0.033651 -1.000298 28.592767 5.614588 0.755275 
-1.000000 676.000000 0.034367 -1.000292 28.219438 5.695526 0.757221 
-1.000000 676.000000 0.035083 -1.000286 27.859988 5.787256 0.759106 
-1.000000 676.000000 0.035799 -1.000280 27.513599 5.878986 0.760934 
-1.000000 676.000000 0.036515 -1.000274 27.179517 5.976112 0.762708 
-1.000000 676.000000 0.037231 -1.000269 26.857048 6.073238 0.764430 
-1.000000 676.000000 0.037947 -1.000263 26.545548 6.175759 0.766104 
-1.000000 676.000000 0.038663 -1.000259 26.244425 6.275583 0.767731 
-1.000000 676.000000 0.039379 -1.000255 25.953122 6.380803 0.769313 
-1.000000 676.000000 0.040095 -1.000250 25.671145 6.483324 0.770854 
-1.000000 676.000000 0.040811 -1.000244 25.398028 6.591242 0.772355 
-1.000000 676.000000 0.041527 -1.000239 25.133260 6.693764 0.773817 
-1.000000 676.000000 0.042243 -1.000234 24.876460 6.801681 0.775243 
-1.000000 676.000000 0.042959 -1.000228 24.627245 6.904203 0.776633 
-1.000000 676.000000 0.043675 -1.000223 24.385254 7.012120 0.777990 
-1.000000 676.000000 0.044391 -1.000217 24.150148 7.114642 0.779316 
-1.000000 676.000000 0.045107 -1.000211 23.921610 7.217164 0.780610 
-1.000000 676.000000 0.045822 -1.000205 23.699343 7.319685 0.781875 
-1.000000 676.000000 0.046538 -1.000197 23.483065 7.422207 0.783112 
-1.000000 701.000000 0.031070 -1.000298 30.471398 5.474295 0.751188 
-1.000000 701.000000 0.031760 -1.000286 30.052638 5.549837 0.753265 
-1.000000 701.000000 0.032451 -1.000298 29.650192 5.625380 0.755275 
-1.000000 701.000000 0.033141 -1.000292 29.263057 5.711714 0.757221 
-1.000000 701.000000 0.033832 -1.000286 28.890313 5.798048 0.759106 
-1.000000 701.000000 0.034522 -1.000280 28.531113 5.889778 0.760934 
-1.000000 701.000000 0.035213 -1.000274 28.184677 5.986903 0.762708 
-1.000000 701.000000 0.035903 -1.000269 27.850282 6.084029 0.764430 
-1.000000 701.000000 0.036593 -1.000264 27.527263 6.186551 0.766104 
-1.000000 701.000000 0.037284 -1.000258 27.215001 6.289073 0.767731 
-1.000000 701.000000 0.037974 -1.000253 26.912925 6.396990 0.769313 
-1.000000 701.000000 0.038665 -1.000248 26.620501 6.499512 0.770854 
-1.000000 701.000000 0.039355 -1.000246 26.337239 6.607430 0.772355 
-1.000000 701.000000 0.040046 -1.000240 26.062727 6.709951 0.773817 
-1.000000 701.000000 0.040736 -1.000235 25.796433 6.817869 0.775243 
-1.000000 701.000000 0.041427 -1.000230 25.538007 6.925786 0.776633 
-1.000000 701.000000 0.042117 -1.000225 25.287066 7.028308 0.777990 
-1.000000 701.000000 0.042807 -1.000220 25.043265 7.130830 0.779316 
-1.000000 701.000000 0.043498 -1.000215 24.806274 7.238747 0.780610 
-1.000000 701.000000 0.044188 -1.000210 24.575785 7.341269 0.781875 
-1.000000 701.000000 0.044879 -1.000204 24.351509 7.443791 0.783112 
-1.000000 726.000000 0.030000 -1.000302 31.558110 5.485087 0.751188 
-1.000000 726.000000 0.030667 -1.000292 31.124415 5.560629 0.753265 
-1.000000 726.000000 0.031333 -1.000281 30.707616 5.636171 0.755275 
-1.000000 726.000000 0.032000 -1.000292 30.306675 5.722505 0.757221 
-1.000000 726.000000 0.032667 -1.000286 29.920638 5.808839 0.759106 
-1.000000 726.000000 0.033333 -1.000280 29.548628 5.900569 0.760934 
-1.000000 726.000000 0.034000 -1.000274 29.189836 5.997695 0.762708 
-1.000000 726.000000 0.034667 -1.000269 28.843516 6.100217 0.764430 
-1.000000 726.000000 0.035333 -1.000264 28.508977 6.202739 0.766104 
-1.000000 726.000000 0.036000 -1.000259 28.185579 6.305260 0.767731 
-1.000000 726.000000 0.036667 -1.000254 27.872730 6.407782 0.769313 
-1.000000 726.000000 0.037333 -1.000249 27.569878 6.515700 0.770854 
-1.000000 726.000000 0.038000 -1.000244 27.276510 6.623617 0.772355 
-1.000000 726.000000 0.038667 -1.000240 26.992150 6.726139 0.773817 
-1.000000 726.000000 0.039333 -1.000237 26.716356 6.834056 0.775243 
-1.000000 726.000000 0.040000 -1.000231 26.448761 6.941974 0.776633 
-1.000000 726.000000 0.040667 -1.000227 26.188875 7.044496 0.777990 
-1.000000 726.000000 0.041333 -1.000222 25.936383 7.152413 0.779316 
-1.000000 726.000000 0.042000 -1.000218 25.690940 7.254935 0.780610 
-1.000000 726.000000 0.042667 -1.000213 25.452231 7.357457 0.781875 
-1.000000 726.000000 0.043333 -1.000208 25.219956 7.465374 0.783112 
-1.000000 751.000000 0.029001 -1.000306 32.644822 5.495879 0.751188 
-1.000000 751.000000 0.029646 -1.000296 32.196193 5.571421 0.753265 
-1.000000 751.000000 0.030290 -1.000287 31.765041 5.646963 0.755275 
-1.000000 751.000000 0.030935 -1.000277 31.350294 5.733297 0.757221 
-1.000000 751.000000 0.031579 -1.000286 30.950963 5.819631 0.759106 
-1.000000 751.000000 0.032224 -1.000280 30.566143 5.911361 0.760934 
-1.000000 751.000000 0.032868 -1.000274 30.194996 6.008487 0.762708 
-1.000000 751.000000 0.033513 -1.000269 29.836750 6.111009 0.764430 
-1.000000 751.000000 0.034157 -1.000264 29.490691 6.213530 0.766104 
-1.000000 751.000000 0.034802 -1.000259 29.156157 6.316052 0.767731 
-1.000000 751.000000 0.035446 -1.000254 28.832535 6.423970 0.769313 
-1.000000 751.000000 0.036091 -1.000249 28.519254 6.531887 0.770854 
-1.000000 751.000000 0.036735 -1.000245 28.215784 6.634409 0.772355 
-1.000000 751.000000 0.037379 -1.000240 27.921632 6.742326 0.773817 
-1.000000 751.000000 0.038024 -1.000236 27.636337 6.850244 0.775243 
-1.000000 751.000000 0.038668 -1.000231 27.359470 6.958162 0.776633 
-1.000000 751.000000 0.039313 -1.000227 27.090627 7.066079 0.777990 
-1.000000 751.000000 0.039957 -1.000224 26.829494 7.168601 0.779316 
-1.000000 751.000000 0.040602 -1.000219 26.575603 7.276518 0.780610 
-1.000000 751.000000 0.041246 -1.000215 26.328678 7.379040 0.781875 
-1.000000 751.000000 0.041891 -1.000210 26.088404 7.481562 0.783112 
-1.000000 776.000000 0.028067 -1.000308 33.731534 5.506670 0.751188 
-1.000000 776.000000 0.028691 -1.000299 33.267970 5.582213 0.753265 
-1.000000 776.000000 0.029314 -1.000291 32.822466 5.657755 0.755275 
-1.000000 776.000000 0.029938 -1.000282 32.393912 5.744089 0.757221 
-1.000000 776.000000 0.030562 -1.000272 31.981289 5.830423 0.759106 
-1.000000 776.000000 0.031186 -1.000262 31.583658 5.922153 0.760934 
-1.000000 776.000000 0.031809 -1.000275 31.200156 6.024675 0.762708 
-1.000000 776.000000 0.032433 -1.000269 30.829985 6.121800 0.764430 
-1.000000 776.000000 0.033057 -1.000264 30.472405 6.224322 0.766104 
-1.000000 776.000000 0.033680 -1.000259 30.126735 6.332240 0.767731 
-1.000000 776.000000 0.034304 -1.000254 29.792340 6.434761 0.769313 
-1.000000 776.000000 0.034928 -1.000250 29.468630 6.542679 0.770854 
-1.000000 776.000000 0.035552 -1.000245 29.155058 6.650597 0.772355 
-1.000000 776.000000 0.036175 -1.000241 28.851115 6.758514 0.773817 
-1.000000 776.000000 0.036799 -1.000236 28.556323 6.866432 0.775243 
-1.000000 776.000000 0.037423 -1.000232 28.270238 6.974349 0.776633 
-1.000000 776.000000 0.038046 -1.000228 27.992446 7.082267 0.777990 
-1.000000 776.000000 0.038670 -1.000223 27.722557 7.184789 0.779316 
-1.000000 776.000000 0.039294 -1.000219 27.460208 7.292706 0.780610 
-1.000000 776.000000 0.039918 -1.000216 27.205121 7.395228 0.781875 
-1.000000 776.000000 0.040541 -1.000211 26.956849 7.503145 0.783112 
-1.000000 801.000000 0.027191 -1.000309 34.818246 5.528254 0.751188 
-1.000000 801.000000 0.027795 -1.000301 34.339748 5.593004 0.753265 
-1.000000 801.000000 0.028400 -1.000293 33.879891 5.668547 0.755275 
-1.000000 801.000000 0.029004 -1.000285 33.437530 5.754881 0.757221 
-1.000000 801.000000 0.029608 -1.000277 33.011614 5.841215 0.759106 
-1.000000 801.000000 0.030212 -1.000268 32.601173 5.938341 0.760934 
-1.000000 801.000000 0.030816 -1.000258 32.205316 6.035466 0.762708 
-1.000000 801.000000 0.031421 -1.000269 31.823219 6.132592 0.764430 
-1.000000 801.000000 0.032025 -1.000264 31.454120 6.240510 0.766104 
-1.000000 801.000000 0.032629 -1.000259 31.097313 6.343031 0.767731 
-1.000000 801.000000 0.033233 -1.000254 30.752145 6.450949 0.769313 
-1.000000 801.000000 0.033838 -1.000250 30.418006 6.558867 0.770854 
-1.000000 801.000000 0.034442 -1.000245 30.094332 6.666784 0.772355 
-1.000000 801.000000 0.035046 -1.000241 29.780597 6.774702 0.773817 
-1.000000 801.000000 0.035650 -1.000237 29.476308 6.882619 0.775243 
-1.000000 801.000000 0.036255 -1.000232 29.181007 6.990537 0.776633 
-1.000000 801.000000 0.036859 -1.000228 28.894265 7.098454 0.777990 
-1.000000 801.000000 0.037463 -1.000224 28.615681 7.200976 0.779316 
-1.000000 801.000000 0.038067 -1.000220 28.344880 7.308894 0.780610 
-1.000000 801.000000 0.038672 -1.000215 28.081507 7.416811 0.781875 
-1.000000 801.000000 0.039276 -1.000211 27.825233 7.519333 0.783112 
-1.000000 826.000000 0.026368 -1.000311 35.904341 5.528254 0.751188 
-1.000000 826.000000 0.026954 -1.000302 35.411525 5.593004 0.753265 
-1.000000 826.000000 0.027540 -1.000295 34.937316 5.679338 0.755275 
-1.000000 826.000000 0.028126 -1.000287 34.481149 5.765672 0.757221 
-1.000000 826.000000 0.028712 -1.000280 34.041939 5.852007 0.759106 
-1.000000 826.000000 0.029298 -1.000272 33.618688 5.949132 0.760934 
-1.000000 826.000000 0.029884 -1.000263 33.210476 6.046258 0.762708 
-1.000000 826.000000 0.030470 -1.000254 32.816453 6.143384 0.764430 
-1.000000 826.000000 0.031056 -1.000264 32.435834 6.251302 0.766104 
-1.000000 826.000000 0.031642 -1.000259 32.067891 6.353823 0.767731 
-1.000000 826.000000 0.032228 -1.000255 31.711950 6.461741 0.769313 
-1.000000 826.000000 0.032814 -1.000250 31.367382 6.569658 0.770854 
-1.000000 826.000000 0.033400 -1.000245 31.033607 6.677576 0.772355 
-1.000000 826.000000 0.033985 -1.000241 30.710079 6.785493 0.773817 
-1.000000 826.000000 0.034571 -1.000237 30.396293 6.898807 0.775243 
-1.000000 826.000000 0.035157 -1.000233 30.091775 7.006725 0.776633 
-1.000000 826.000000 0.035743 -1.000229 29.796084 7.114642 0.777990 
-1.000000 826.000000 0.036329 -1.000225 29.508806 7.217164 0.779316 
-1.000000 826.000000 0.036915 -1.000220 29.229552 7.325081 0.780610 
-1.000000 826.000000 0.037501 -1.000216 28.957960 7.432999 0.781875 
-1.000000 826.000000 0.038087 -1.000212 28.693687 7.535521 0.783112 
-1.000000 851.000000 0.025593 -1.000311 36.991034 5.552535 0.751188 
-1.000000 851.000000 0.026162 -1.000304 36.482686 5.625380 0.753265 
-1.000000 851.000000 0.026731 -1.000296 35.994741 5.690130 0.755275 
-1.000000 851.000000 0.027300 -1.000289 35.524767 5.776464 0.757221 
-1.000000 851.000000 0.027868 -1.000282 35.072264 5.862798 0.759106 
-1.000000 851.000000 0.028437 -1.000275 34.636203 5.959924 0.760934 
-1.000000 851.000000 0.029006 -1.000267 34.215635 6.057050 0.762708 
-1.000000 851.000000 0.029575 -1.000259 33.809687 6.154176 0.764430 
-1.000000 851.000000 0.030143 -1.000251 33.417548 6.262093 0.766104 
-1.000000 851.000000 0.030712 -1.000241 33.038469 6.370011 0.767731 
-1.000000 851.000000 0.031281 -1.000255 32.671754 6.477928 0.769313 
-1.000000 851.000000 0.031850 -1.000250 32.316759 6.585846 0.770854 
-1.000000 851.000000 0.032418 -1.000246 31.972881 6.693764 0.772355 
-1.000000 851.000000 0.032987 -1.000241 31.639561 6.801681 0.773817 
-1.000000 851.000000 0.033556 -1.000237 31.316277 6.909599 0.775243 
-1.000000 851.000000 0.034125 -1.000233 31.002543 7.017516 0.776633 
-1.000000 851.000000 0.034693 -1.000229 30.697903 7.125434 0.777990 
-1.000000 851.000000 0.035262 -1.000225 30.401930 7.233351 0.779316 
-1.000000 851.000000 0.035831 -1.000221 30.114224 7.341269 0.780610 
-1.000000 851.000000 0.036400 -1.000217 29.834412 7.449187 0.781875 
-1.000000 851.000000 0.036968 -1.000213 29.562140 7.551708 0.783112 
-1.000000 876.000000 0.024863 -1.000311 38.077727 5.552535 0.751188 
-1.000000 876.000000 0.025416 -1.000304 37.554446 5.625380 0.753265 
-1.000000 876.000000 0.025968 -1.000298 37.051550 5.695526 0.755275 
-1.000000 876.000000 0.026521 -1.000290 36.568385 5.776464 0.757221 
-1.000000 876.000000 0.027073 -1.000283 36.102589 5.873590 0.759106 
-1.000000 876.000000 0.027626 -1.000276 35.653717 5.970716 0.760934 
-1.000000 876.000000 0.028178 -1.000269 35.220795 6.067842 0.762708 
-1.000000 876.000000 0.028731 -1.000262 34.802921 6.164967 0.764430 
-1.000000 876.000000 0.029283 -1.000255 34.399262 6.272885 0.766104 
-1.000000 876.000000 0.029836 -1.000247 34.009047 6.380803 0.767731 
-1.000000 876.000000 0.030388 -1.000238 33.631559 6.488720 0.769313 
-1.000000 876.000000 0.030941 -1.000250 33.266135 6.596638 0.770854 
-1.000000 876.000000 0.031493 -1.000246 32.912155 6.704555 0.772355 
-1.000000 876.000000 0.032046 -1.000241 32.569043 6.812473 0.773817 
-1.000000 876.000000 0.032598 -1.000237 32.236262 6.925786 0.775243 
-1.000000 876.000000 0.033151 -1.000233 31.913312 7.033704 0.776633 
-1.000000 876.000000 0.033703 -1.000229 31.599722 7.141621 0.777990 
-1.000000 876.000000 0.034256 -1.000225 31.295054 7.249539 0.779316 
-1.000000 876.000000 0.034808 -1.000221 30.998896 7.357457 0.780610 
-1.000000 876.000000 0.035361 -1.000217 30.710864 7.465374 0.781875 
-1.000000 876.000000 0.035913 -1.000213 30.430594 7.567896 0.783112 
-1.000000 901.000000 0.024173 -1.000291 39.165093 5.560629 0.751188 
-1.000000 901.000000 0.024710 -1.000304 38.626205 5.625380 0.753265 
-1.000000 901.000000 0.025248 -1.000298 38.108957 5.698224 0.755275 
-1.000000 901.000000 0.025785 -1.000292 37.611389 5.792652 0.757221 
-1.000000 901.000000 0.026322 -1.000284 37.132914 5.884382 0.759106 
-1.000000 901.000000 0.026859 -1.000278 36.671232 5.981508 0.760934 
-1.000000 901.000000 0.027396 -1.000271 36.225955 6.078633 0.762708 
-1.000000 901.000000 0.027933 -1.000264 35.796155 6.175759 0.764430 
-1.000000 901.000000 0.028471 -1.000258 35.380976 6.283677 0.766104 
-1.000000 901.000000 0.029008 -1.000251 34.979625 6.391594 0.767731 
-1.000000 901.000000 0.029545 -1.000243 34.591364 6.499512 0.769313 
-1.000000 901.000000 0.030082 -1.000235 34.215511 6.607430 0.770854 
-1.000000 901.000000 0.030619 -1.000246 33.851429 6.715347 0.772355 
-1.000000 901.000000 0.031156 -1.000241 33.498525 6.828661 0.773817 
-1.000000 901.000000 0.031694 -1.000237 33.156247 6.936578 0.775243 
-1.000000 901.000000 0.032231 -1.000233 32.824080 7.049892 0.776633 
-1.000000 901.000000 0.032768 -1.000229 32.501541 7.157809 0.777990 
-1.000000 901.000000 0.033305 -1.000225 32.188178 7.265727 0.779316 
-1.000000 901.000000 0.033842 -1.000221 31.883568 7.373644 0.780610 
-1.000000 901.000000 0.034380 -1.000217 31.587316 7.481562 0.781875 
-1.000000 901.000000 0.034917 -1.000213 31.299047 7.584084 0.783112 
-1.000000 926.000000 0.023521 -1.000307 40.251795 5.560629 0.751188 
-1.000000 926.000000 0.024043 -1.000285 39.698635 5.641567 0.753265 
-1.000000 926.000000 0.024566 -1.000298 39.166364 5.722505 0.755275 
-1.000000 926.000000 0.025089 -1.000292 38.654990 5.792652 0.757221 
-1.000000 926.000000 0.025611 -1.000286 38.162624 5.889778 0.759106 
-1.000000 926.000000 0.026134 -1.000278 37.688747 5.981508 0.760934 
-1.000000 926.000000 0.026657 -1.000272 37.231115 6.089425 0.762708 
-1.000000 926.000000 0.027179 -1.000266 36.789389 6.186551 0.764430 
-1.000000 926.000000 0.027702 -1.000260 36.362691 6.294469 0.766104 
-1.000000 926.000000 0.028225 -1.000253 35.950203 6.402386 0.767731 
-1.000000 926.000000 0.028747 -1.000247 35.551169 6.510304 0.769313 
-1.000000 926.000000 0.029270 -1.000239 35.164887 6.618221 0.770854 
-1.000000 926.000000 0.029793 -1.000232 34.790702 6.731535 0.772355 
-1.000000 926.000000 0.030315 -1.000241 34.428007 6.839452 0.773817 
-1.000000 926.000000 0.030838 -1.000237 34.076232 6.952766 0.775243 
-1.000000 926.000000 0.031361 -1.000233 33.734848 7.060683 0.776633 
-1.000000 926.000000 0.031883 -1.000229 33.403359 7.168601 0.777990 
-1.000000 926.000000 0.032406 -1.000225 33.081302 7.281914 0.779316 
-1.000000 926.000000 0.032929 -1.000221 32.768240 7.389832 0.780610 
-1.000000 926.000000 0.033451 -1.000218 32.463768 7.492354 0.781875 
-1.000000 926.000000 0.033974 -1.000214 32.167501 7.600271 0.783112 
-1.000000 951.000000 0.022902 -1.000308 41.338507 5.571421 0.751188 
-1.000000 951.000000 0.023411 -1.000300 40.770403 5.636171 0.753265 
-1.000000 951.000000 0.023920 -1.000279 40.224440 5.722505 0.755275 
-1.000000 951.000000 0.024429 -1.000292 39.698591 5.808839 0.757221 
-1.000000 951.000000 0.024938 -1.000286 39.192933 5.895174 0.759106 
-1.000000 951.000000 0.025447 -1.000280 38.705648 5.992299 0.760934 
-1.000000 951.000000 0.025956 -1.000273 38.236274 6.100217 0.762708 
-1.000000 951.000000 0.026465 -1.000267 37.782623 6.197343 0.764430 
-1.000000 951.000000 0.026974 -1.000261 37.344405 6.305260 0.766104 
-1.000000 951.000000 0.027483 -1.000255 36.920781 6.413178 0.767731 
-1.000000 951.000000 0.027992 -1.000249 36.510974 6.521095 0.769313 
-1.000000 951.000000 0.028501 -1.000243 36.114263 6.629013 0.770854 
-1.000000 951.000000 0.029009 -1.000236 35.729977 6.742326 0.772355 
-1.000000 951.000000 0.029518 -1.000229 35.357489 6.855640 0.773817 
-1.000000 951.000000 0.030027 -1.000221 34.996217 6.963557 0.775243 
-1.000000 951.000000 0.030536 -1.000233 34.645617 7.071475 0.776633 
-1.000000 951.000000 0.031045 -1.000229 34.305178 7.184789 0.777990 
-1.000000 951.000000 0.031554 -1.000225 33.974426 7.292706 0.779316 
-1.000000 951.000000 0.032063 -1.000221 33.652912 7.400624 0.780610 
-1.000000 951.000000 0.032572 -1.000218 33.340220 7.508541 0.781875 
-1.000000 951.000000 0.033081 -1.000214 33.035954 7.616459 0.783112 
-1.000000 976.000000 0.022316 -1.000309 42.425219 5.571421 0.751188 
-1.000000 976.000000 0.022811 -1.000301 41.842180 5.646963 0.753265 
-1.000000 976.000000 0.023307 -1.000294 41.281856 5.722505 0.755275 
-1.000000 976.000000 0.023803 -1.000286 40.742851 5.808839 0.757221 
-1.000000 976.000000 0.024299 -1.000286 40.223241 5.911361 0.759106 
-1.000000 976.000000 0.024795 -1.000280 39.723147 6.008487 0.760934 
-1.000000 976.000000 0.025291 -1.000275 39.240821 6.105613 0.762708 
-1.000000 976.000000 0.025787 -1.000269 38.775260 6.208134 0.764430 
-1.000000 976.000000 0.026283 -1.000262 38.326119 6.316052 0.766104 
-1.000000 976.000000 0.026779 -1.000256 37.891359 6.423970 0.767731 
-1.000000 976.000000 0.027275 -1.000251 37.470779 6.531887 0.769313 
-1.000000 976.000000 0.027770 -1.000245 37.063639 6.639805 0.770854 
-1.000000 976.000000 0.028266 -1.000239 36.669250 6.753118 0.772355 
-1.000000 976.000000 0.028762 -1.000232 36.286971 6.866432 0.773817 
-1.000000 976.000000 0.029258 -1.000226 35.916202 6.974349 0.775243 
-1.000000 976.000000 0.029754 -1.000218 35.556385 7.087663 0.776633 
-1.000000 976.000000 0.030250 -1.000229 35.206997 7.195580 0.777990 
-1.000000 976.000000 0.030746 -1.000225 34.867550 7.308894 0.779316 
-1.000000 976.000000 0.031242 -1.000222 34.537584 7.416811 0.780610 
-1.000000 976.000000 0.031738 -1.000218 34.216672 7.524729 0.781875 
-1.000000 976.000000 0.032234 -1.000214 33.904408 7.632646 0.783112 
-1.000000 1001.000000 0.021758 -1.000311 43.511170 5.582213 0.751188 
-1.000000 1001.000000 0.022242 -1.000302 42.913957 5.657755 0.753265 
-1.000000 1001.000000 0.022725 -1.000295 42.339281 5.733297 0.755275 
-1.000000 1001.000000 0.023209 -1.000287 41.786469 5.819631 0.757221 
-1.000000 1001.000000 0.023692 -1.000280 41.254207 5.916757 0.759106 
-1.000000 1001.000000 0.024176 -1.000272 40.741285 6.013883 0.760934 
-1.000000 1001.000000 0.024659 -1.000275 40.245965 6.121800 0.762708 
-1.000000 1001.000000 0.025143 -1.000269 39.768479 6.224322 0.764430 
-1.000000 1001.000000 0.025626 -1.000264 39.307236 6.321448 0.766104 
-1.000000 1001.000000 0.026110 -1.000257 38.861937 6.429366 0.767731 
-1.000000 1001.000000 0.026593 -1.000252 38.430584 6.542679 0.769313 
-1.000000 1001.000000 0.027077 -1.000246 38.013015 6.650597 0.770854 
-1.000000 1001.000000 0.027560 -1.000241 37.608524 6.763910 0.772355 
-1.000000 1001.000000 0.028044 -1.000235 37.216453 6.877223 0.773817 
-1.000000 1001.000000 0.028527 -1.000229 36.836187 6.990537 0.775243 
-1.000000 1001.000000 0.029011 -1.000222 36.467153 7.098454 0.776633 
-1.000000 1001.000000 0.029495 -1.000215 36.108816 7.211768 0.777990 
-1.000000 1001.000000 0.029978 -1.000225 35.760674 7.319685 0.779316 
-1.000000 1001.000000 0.030462 -1.000222 35.422256 7.427603 0.780610 
-1.000000 1001.000000 0.030945 -1.000218 35.093124 7.535521 0.781875 
-1.000000 1001.000000 0.031429 -1.000214 34.772861 7.643438 0.783112 
-1.000000 1026.000000 0.021228 -1.000311 44.597864 5.593004 0.751188 
-1.000000 1026.000000 0.021700 -1.000304 43.984980 5.660453 0.753265 
-1.000000 1026.000000 0.022172 -1.000296 43.396706 5.744089 0.755275 
-1.000000 1026.000000 0.022643 -1.000289 42.830087 5.830423 0.757221 
-1.000000 1026.000000 0.023115 -1.000281 42.284532 5.916757 0.759106 
-1.000000 1026.000000 0.023587 -1.000274 41.758799 6.030070 0.760934 
-1.000000 1026.000000 0.024058 -1.000267 41.251748 6.121800 0.762708 
-1.000000 1026.000000 0.024530 -1.000258 40.762321 6.229718 0.764430 
-1.000000 1026.000000 0.025002 -1.000264 40.288935 6.337636 0.766104 
-1.000000 1026.000000 0.025474 -1.000259 39.831918 6.445553 0.767731 
-1.000000 1026.000000 0.025945 -1.000253 39.390389 6.553471 0.769313 
-1.000000 1026.000000 0.026417 -1.000247 38.962391 6.661388 0.770854 
-1.000000 1026.000000 0.026889 -1.000242 38.547798 6.774702 0.772355 
-1.000000 1026.000000 0.027361 -1.000237 38.145935 6.888015 0.773817 
-1.000000 1026.000000 0.027832 -1.000231 37.756172 7.001329 0.775243 
-1.000000 1026.000000 0.028304 -1.000225 37.377921 7.109246 0.776633 
-1.000000 1026.000000 0.028776 -1.000219 37.010635 7.222560 0.777990 
-1.000000 1026.000000 0.029248 -1.000213 36.653797 7.330477 0.779316 
-1.000000 1026.000000 0.029719 -1.000205 36.306928 7.443791 0.780610 
-1.000000 1026.000000 0.030191 -1.000218 35.969576 7.551708 0.781875 
-1.000000 1026.000000 0.030663 -1.000214 35.641315 7.659626 0.783112 
-1.000000 1051.000000 0.020723 -1.000311 45.684535 5.598400 0.751188 
-1.000000 1051.000000 0.021184 -1.000304 45.056740 5.665849 0.753265 
-1.000000 1051.000000 0.021644 -1.000298 44.453380 5.754881 0.755275 
-1.000000 1051.000000 0.022105 -1.000290 43.873705 5.841215 0.757221 
-1.000000 1051.000000 0.022565 -1.000283 43.314857 5.927549 0.759106 
-1.000000 1051.000000 0.023026 -1.000276 42.776314 6.024675 0.760934 
-1.000000 1051.000000 0.023486 -1.000269 42.256907 6.132592 0.762708 
-1.000000 1051.000000 0.023947 -1.000261 41.755554 6.240510 0.764430 
-1.000000 1051.000000 0.024407 -1.000254 41.271257 6.348427 0.766104 
-1.000000 1051.000000 0.024868 -1.000245 40.803089 6.450949 0.767731 
-1.000000 1051.000000 0.025328 -1.000255 40.349597 6.561565 0.769313 
-1.000000 1051.000000 0.025789 -1.000248 39.911768 6.672180 0.770854 
-1.000000 1051.000000 0.026249 -1.000243 39.487072 6.785493 0.772355 
-1.000000 1051.000000 0.026710 -1.000238 39.075417 6.898807 0.773817 
-1.000000 1051.000000 0.027170 -1.000233 38.676156 7.012120 0.775243 
-1.000000 1051.000000 0.027631 -1.000228 38.288689 7.125434 0.776633 
-1.000000 1051.000000 0.028091 -1.000222 37.912453 7.233351 0.777990 
-1.000000 1051.000000 0.028552 -1.000216 37.546921 7.346665 0.779316 
-1.000000 1051.000000 0.029012 -1.000210 37.191600 7.454582 0.780610 
-1.000000 1051.000000 0.029473 -1.000203 36.846027 7.562500 0.781875 
-1.000000 1051.000000 0.029933 -1.000214 36.509768 7.675813 0.783112 
-1.000000 1076.000000 0.020242 -1.000311 46.771170 5.606494 0.751188 
-1.000000 1076.000000 0.020691 -1.000304 46.128499 5.679338 0.753265 
-1.000000 1076.000000 0.021141 -1.000298 45.510788 5.754881 0.755275 
-1.000000 1076.000000 0.021591 -1.000292 44.916578 5.846611 0.757221 
-1.000000 1076.000000 0.022041 -1.000284 44.345181 5.938341 0.759106 
-1.000000 1076.000000 0.022491 -1.000277 43.793828 6.035466 0.760934 
-1.000000 1076.000000 0.022941 -1.000270 43.262066 6.148780 0.762708 
-1.000000 1076.000000 0.023390 -1.000264 42.748788 6.240510 0.764430 
-1.000000 1076.000000 0.023840 -1.000256 42.252970 6.348427 0.766104 
-1.000000 1076.000000 0.024290 -1.000249 41.773666 6.467137 0.767731 
-1.000000 1076.000000 0.024740 -1.000241 41.309996 6.569658 0.769313 
-1.000000 1076.000000 0.025190 -1.000250 40.861144 6.682972 0.770854 
-1.000000 1076.000000 0.025639 -1.000244 40.426346 6.796285 0.772355 
-1.000000 1076.000000 0.026089 -1.000239 40.004899 6.909599 0.773817 
-1.000000 1076.000000 0.026539 -1.000234 39.596141 7.022912 0.775243 
-1.000000 1076.000000 0.026989 -1.000229 39.199458 7.136226 0.776633 
-1.000000 1076.000000 0.027439 -1.000224 38.814272 7.249539 0.777990 
-1.000000 1076.000000 0.027888 -1.000219 38.440045 7.357457 0.779316 
-1.000000 1076.000000 0.028338 -1.000213 38.076272 7.470770 0.780610 
-1.000000 1076.000000 0.028788 -1.000207 37.722479 7.578688 0.781875 
-1.000000 1076.000000 0.029238 -1.000200 37.378221 7.686605 0.783112 
-1.000000 1101.000000 0.019782 -1.000293 47.858731 5.609192 0.751188 
-1.000000 1101.000000 0.020222 -1.000304 47.200207 5.684734 0.753265 
-1.000000 1101.000000 0.020661 -1.000298 46.568195 5.765672 0.755275 
-1.000000 1101.000000 0.021101 -1.000292 45.960180 5.846611 0.757221 
-1.000000 1101.000000 0.021540 -1.000286 45.374766 5.943736 0.759106 
-1.000000 1101.000000 0.021980 -1.000278 44.811343 6.046258 0.760934 
-1.000000 1101.000000 0.022420 -1.000272 44.267226 6.143384 0.762708 
-1.000000 1101.000000 0.022859 -1.000265 43.742022 6.251302 0.764430 
-1.000000 1101.000000 0.023299 -1.000259 43.234684 6.359219 0.766104 
-1.000000 1101.000000 0.023738 -1.000252 42.744243 6.467137 0.767731 
-1.000000 1101.000000 0.024178 -1.000245 42.269800 6.580450 0.769313 
-1.000000 1101.000000 0.024618 -1.000237 41.810518 6.693764 0.770854 
-1.000000 1101.000000 0.025057 -1.000246 41.365620 6.807077 0.772355 
-1.000000 1101.000000 0.025497 -1.000241 40.934381 6.920390 0.773817 
-1.000000 1101.000000 0.025936 -1.000235 40.516126 7.033704 0.775243 
-1.000000 1101.000000 0.026376 -1.000230 40.110226 7.147017 0.776633 
-1.000000 1101.000000 0.026816 -1.000225 39.716091 7.260331 0.777990 
-1.000000 1101.000000 0.027255 -1.000220 39.333169 7.368248 0.779316 
-1.000000 1101.000000 0.027695 -1.000215 38.960944 7.481562 0.780610 
-1.000000 1101.000000 0.028134 -1.000210 38.598931 7.589479 0.781875 
-1.000000 1101.000000 0.028574 -1.000204 38.246675 7.697397 0.783112 
-1.000000 1126.000000 0.019343 -1.000298 48.945435 5.614588 0.751188 
-1.000000 1126.000000 0.019773 -1.000286 48.272807 5.690130 0.753265 
-1.000000 1126.000000 0.020202 -1.000298 47.625604 5.768370 0.755275 
-1.000000 1126.000000 0.020632 -1.000292 47.003781 5.854704 0.757221 
-1.000000 1126.000000 0.021062 -1.000286 46.405074 5.959924 0.759106 
-1.000000 1126.000000 0.021492 -1.000280 45.828122 6.057050 0.760934 
-1.000000 1126.000000 0.021922 -1.000272 45.272385 6.154176 0.762708 
-1.000000 1126.000000 0.022352 -1.000266 44.735256 6.262093 0.764430 
-1.000000 1126.000000 0.022782 -1.000260 44.216398 6.370011 0.766104 
-1.000000 1126.000000 0.023211 -1.000254 43.714821 6.477928 0.767731 
-1.000000 1126.000000 0.023641 -1.000247 43.229604 6.596638 0.769313 
-1.000000 1126.000000 0.024071 -1.000240 42.759893 6.704555 0.770854 
-1.000000 1126.000000 0.024501 -1.000233 42.304894 6.817869 0.772355 
-1.000000 1126.000000 0.024931 -1.000241 41.863863 6.931182 0.773817 
-1.000000 1126.000000 0.025361 -1.000237 41.436111 7.044496 0.775243 
-1.000000 1126.000000 0.025790 -1.000233 41.020994 7.157809 0.776633 
-1.000000 1126.000000 0.026220 -1.000227 40.617910 7.271123 0.777990 
-1.000000 1126.000000 0.026650 -1.000222 40.226293 7.384436 0.779316 
-1.000000 1126.000000 0.027080 -1.000217 39.845616 7.492354 0.780610 
-1.000000 1126.000000 0.027510 -1.000212 39.475383 7.605667 0.781875 
-1.000000 1126.000000 0.027940 -1.000206 39.115128 7.713585 0.783112 
-1.000000 1151.000000 0.018923 -1.000302 50.032139 5.625380 0.751188 
-1.000000 1151.000000 0.019343 -1.000291 49.344574 5.695526 0.753265 
-1.000000 1151.000000 0.019764 -1.000279 48.683801 5.776464 0.755275 
-1.000000 1151.000000 0.020184 -1.000292 48.047383 5.865496 0.757221 
-1.000000 1151.000000 0.020605 -1.000286 47.435382 5.957226 0.759106 
-1.000000 1151.000000 0.021025 -1.000280 46.845620 6.062446 0.760934 
-1.000000 1151.000000 0.021446 -1.000273 46.277545 6.164967 0.762708 
-1.000000 1151.000000 0.021866 -1.000267 45.728490 6.272885 0.764430 
-1.000000 1151.000000 0.022287 -1.000261 45.198112 6.380803 0.766104 
-1.000000 1151.000000 0.022707 -1.000255 44.685398 6.488720 0.767731 
-1.000000 1151.000000 0.023128 -1.000249 44.189408 6.607430 0.769313 
-1.000000 1151.000000 0.023548 -1.000243 43.709268 6.715347 0.770854 
-1.000000 1151.000000 0.023969 -1.000236 43.244166 6.828661 0.772355 
-1.000000 1151.000000 0.024389 -1.000229 42.793345 6.941974 0.773817 
-1.000000 1151.000000 0.024810 -1.000237 42.356096 7.055287 0.775243 
-1.000000 1151.000000 0.025230 -1.000233 41.931762 7.168601 0.776633 
-1.000000 1151.000000 0.025651 -1.000229 41.519728 7.281914 0.777990 
-1.000000 1151.000000 0.026071 -1.000225 41.119417 7.395228 0.779316 
-1.000000 1151.000000 0.026492 -1.000218 40.730288 7.503145 0.780610 
-1.000000 1151.000000 0.026912 -1.000213 40.351835 7.616459 0.781875 
-1.000000 1151.000000 0.027333 -1.000208 39.983581 7.724376 0.783112 
-1.000000 1176.000000 0.018520 -1.000304 51.118844 5.630775 0.751188 
-1.000000 1176.000000 0.018932 -1.000294 50.416344 5.700922 0.753265 
-1.000000 1176.000000 0.019344 -1.000284 49.741215 5.781860 0.755275 
-1.000000 1176.000000 0.019755 -1.000272 49.091782 5.868194 0.757221 
-1.000000 1176.000000 0.020167 -1.000286 48.465691 5.962622 0.759106 
-1.000000 1176.000000 0.020578 -1.000280 47.863119 6.067842 0.760934 
-1.000000 1176.000000 0.020990 -1.000275 47.281957 6.164967 0.762708 
-1.000000 1176.000000 0.021401 -1.000268 46.721723 6.272885 0.764430 
-1.000000 1176.000000 0.021813 -1.000262 46.179826 6.380803 0.766104 
-1.000000 1176.000000 0.022224 -1.000256 45.655976 6.499512 0.767731 
-1.000000 1176.000000 0.022636 -1.000250 45.149212 6.607430 0.769313 
-1.000000 1176.000000 0.023048 -1.000245 44.658643 6.720743 0.770854 
-1.000000 1176.000000 0.023459 -1.000238 44.183438 6.834056 0.772355 
-1.000000 1176.000000 0.023871 -1.000232 43.722825 6.952766 0.773817 
-1.000000 1176.000000 0.024282 -1.000225 43.276080 7.066079 0.775243 
-1.000000 1176.000000 0.024694 -1.000233 42.842530 7.179393 0.776633 
-1.000000 1176.000000 0.025105 -1.000229 42.421547 7.292706 0.777990 
-1.000000 1176.000000 0.025517 -1.000225 42.012541 7.406020 0.779316 
-1.000000 1176.000000 0.025929 -1.000222 41.614960 7.513937 0.780610 
-1.000000 1176.000000 0.026340 -1.000214 41.228287 7.627251 0.781875 
-1.000000 1176.000000 0.026752 -1.000210 40.852035 7.735168 0.783112 
-1.000000 1201.000000 0.018135 -1.000306 52.205553 5.636171 0.751188 
-1.000000 1201.000000 0.018538 -1.000297 51.488114 5.706318 0.753265 
-1.000000 1201.000000 0.018941 -1.000287 50.798630 5.787256 0.755275 
-1.000000 1201.000000 0.019344 -1.000277 50.135384 5.873590 0.757221 
-1.000000 1201.000000 0.019747 -1.000286 49.496000 5.968018 0.759106 
-1.000000 1201.000000 0.020150 -1.000280 48.880618 6.067842 0.760934 
-1.000000 1201.000000 0.020553 -1.000275 48.287101 6.181155 0.762708 
-1.000000 1201.000000 0.020956 -1.000269 47.714215 6.283677 0.764430 
-1.000000 1201.000000 0.021359 -1.000263 47.161540 6.391594 0.766104 
-1.000000 1201.000000 0.021762 -1.000257 46.626554 6.510304 0.767731 
-1.000000 1201.000000 0.022165 -1.000251 46.109017 6.618221 0.769313 
-1.000000 1201.000000 0.022568 -1.000246 45.608019 6.736931 0.770854 
-1.000000 1201.000000 0.022971 -1.000240 45.122712 6.844848 0.772355 
-1.000000 1201.000000 0.023374 -1.000234 44.652306 6.958162 0.773817 
-1.000000 1201.000000 0.023777 -1.000228 44.196065 7.076871 0.775243 
-1.000000 1201.000000 0.024180 -1.000221 43.753299 7.190184 0.776633 
-1.000000 1201.000000 0.024583 -1.000214 43.323366 7.303498 0.777990 
-1.000000 1201.000000 0.024986 -1.000225 42.905665 7.416811 0.779316 
-1.000000 1201.000000 0.025389 -1.000222 42.499632 7.530125 0.780610 
-1.000000 1201.000000 0.025792 -1.000218 42.104739 7.638042 0.781875 
-1.000000 1201.000000 0.026195 -1.000214 41.720488 7.751356 0.783112 
-1.000000 1226.000000 0.017765 -1.000307 53.292259 5.641567 0.751188 
-1.000000 1226.000000 0.018160 -1.000299 52.559885 5.711714 0.753265 
-1.000000 1226.000000 0.018555 -1.000290 51.856048 5.792652 0.755275 
-1.000000 1226.000000 0.018949 -1.000280 51.178992 5.878986 0.757221 
-1.000000 1226.000000 0.019344 -1.000270 50.527108 5.976112 0.759106 
-1.000000 1226.000000 0.019739 -1.000280 49.898117 6.078633 0.760934 
-1.000000 1226.000000 0.020134 -1.000275 49.292245 6.191947 0.762708 
-1.000000 1226.000000 0.020529 -1.000269 48.707433 6.299864 0.764430 
-1.000000 1226.000000 0.020923 -1.000264 48.142516 6.402386 0.766104 
-1.000000 1226.000000 0.021318 -1.000258 47.597131 6.510304 0.767731 
-1.000000 1226.000000 0.021713 -1.000252 47.068822 6.629013 0.769313 
-1.000000 1226.000000 0.022108 -1.000247 46.557395 6.747722 0.770854 
-1.000000 1226.000000 0.022502 -1.000242 46.061985 6.855640 0.772355 
-1.000000 1226.000000 0.022897 -1.000236 45.581787 6.968953 0.773817 
-1.000000 1226.000000 0.023292 -1.000230 45.116048 7.087663 0.775243 
-1.000000 1226.000000 0.023687 -1.000224 44.664067 7.200976 0.776633 
-1.000000 1226.000000 0.024082 -1.000218 44.225184 7.314290 0.777990 
-1.000000 1226.000000 0.024476 -1.000211 43.798789 7.427603 0.779316 
-1.000000 1226.000000 0.024871 -1.000222 43.384304 7.540916 0.780610 
-1.000000 1226.000000 0.025266 -1.000218 42.981191 7.648834 0.781875 
-1.000000 1226.000000 0.025661 -1.000214 42.588941 7.762148 0.783112 
-1.000000 1251.000000 0.017410 -1.000308 54.378969 5.646963 0.751188 
-1.000000 1251.000000 0.017797 -1.000300 53.631661 5.717110 0.753265 
-1.000000 1251.000000 0.018184 -1.000292 52.913466 5.798048 0.755275 
-1.000000 1251.000000 0.018571 -1.000283 52.222601 5.889778 0.757221 
-1.000000 1251.000000 0.018958 -1.000274 51.557420 5.981508 0.759106 
-1.000000 1251.000000 0.019345 -1.000264 50.916420 6.084029 0.760934 
-1.000000 1251.000000 0.019731 -1.000275 50.297389 6.191947 0.762708 
-1.000000 1251.000000 0.020118 -1.000269 49.700651 6.294469 0.764430 
-1.000000 1251.000000 0.020505 -1.000264 49.124215 6.418574 0.766104 
-1.000000 1251.000000 0.020892 -1.000259 48.566975 6.521095 0.767731 
-1.000000 1251.000000 0.021279 -1.000253 48.028626 6.639805 0.769313 
-1.000000 1251.000000 0.021666 -1.000248 47.506771 6.747722 0.770854 
-1.000000 1251.000000 0.022053 -1.000243 47.001259 6.866432 0.772355 
-1.000000 1251.000000 0.022440 -1.000237 46.511268 6.979745 0.773817 
-1.000000 1251.000000 0.022827 -1.000232 46.036032 7.093059 0.775243 
-1.000000 1251.000000 0.023213 -1.000226 45.574835 7.211768 0.776633 
-1.000000 1251.000000 0.023600 -1.000220 45.127003 7.325081 0.777990 
-1.000000 1251.000000 0.023987 -1.000214 44.691913 7.438395 0.779316 
-1.000000 1251.000000 0.024374 -1.000207 44.268976 7.551708 0.780610 
-1.000000 1251.000000 0.024761 -1.000218 43.857642 7.659626 0.781875 
-1.000000 1251.000000 0.025148 -1.000214 43.457395 7.772939 0.783112 
