-3.000000 26.000000 0.837692 -3.000298 3.243357 6.053453 0.743879 
-3.000000 26.000000 0.856308 -3.000285 3.213592 6.125398 0.745303 
-3.000000 26.000000 0.874923 -3.000270 3.184913 6.204537 0.746678 
-3.000000 26.000000 0.893538 -3.000252 3.157257 6.280080 0.748007 
-3.000000 26.000000 0.912154 -3.000283 3.130563 6.359219 0.749293 
-3.000000 26.000000 0.930769 -3.000276 3.104775 6.443755 0.750537 
-3.000000 26.000000 0.949385 -3.000268 3.079841 6.524693 0.751743 
-3.000000 26.000000 0.968000 -3.000260 3.055717 6.605631 0.752913 
-3.000000 26.000000 0.986615 -3.000252 3.032357 6.686569 0.754047 
-3.000000 26.000000 1.005231 -3.000242 3.009721 6.769306 0.755149 
-3.000000 26.000000 1.023846 -3.000230 2.987772 6.853841 0.756220 
-3.000000 26.000000 1.042462 -3.000217 2.966474 6.938377 0.757261 
-3.000000 26.000000 1.061077 -3.000201 2.945796 7.021114 0.758274 
-3.000000 26.000000 1.079692 -3.000182 2.925705 7.103850 0.759260 
-3.000000 26.000000 1.098308 -3.000237 2.906175 7.188386 0.760221 
-3.000000 26.000000 1.116923 -3.000230 2.887179 7.271123 0.761158 
-3.000000 26.000000 1.135538 -3.000224 2.868691 7.355658 0.762071 
-3.000000 26.000000 1.154154 -3.000218 2.850689 7.438395 0.762963 
-3.000000 26.000000 1.172769 -3.000212 2.833150 7.522930 0.763833 
-3.000000 26.000000 1.191385 -3.000205 2.816055 7.605667 0.764684 
-3.000000 26.000000 1.210000 -3.000196 2.799383 7.688404 0.765515 
-3.000000 51.000000 0.427059 -3.000286 6.361994 6.265691 0.743879 
-3.000000 51.000000 0.436549 -3.000270 6.303606 6.348427 0.745303 
-3.000000 51.000000 0.446039 -3.000298 6.247350 6.429366 0.746678 
-3.000000 51.000000 0.455529 -3.000292 6.193098 6.513901 0.748007 
-3.000000 51.000000 0.465020 -3.000286 6.140733 6.602034 0.749293 
-3.000000 51.000000 0.474510 -3.000280 6.090146 6.690166 0.750537 
-3.000000 51.000000 0.484000 -3.000274 6.041237 6.774702 0.751743 
-3.000000 51.000000 0.493490 -3.000269 5.993916 6.868230 0.752913 
-3.000000 51.000000 0.502980 -3.000263 5.948094 6.958162 0.754047 
-3.000000 51.000000 0.512471 -3.000258 5.903694 7.053489 0.755149 
-3.000000 51.000000 0.521961 -3.000252 5.860640 7.141621 0.756220 
-3.000000 51.000000 0.531451 -3.000247 5.818864 7.238747 0.757261 
-3.000000 51.000000 0.540941 -3.000241 5.778302 7.332276 0.758274 
-3.000000 51.000000 0.550431 -3.000235 5.738894 7.422207 0.759260 
-3.000000 51.000000 0.559922 -3.000228 5.700584 7.513937 0.760221 
-3.000000 51.000000 0.569412 -3.000221 5.663320 7.607466 0.761158 
-3.000000 51.000000 0.578902 -3.000213 5.627053 7.700994 0.762071 
-3.000000 51.000000 0.588392 -3.000204 5.591736 7.794523 0.762963 
-3.000000 51.000000 0.597882 -3.000194 5.557333 7.888051 0.763833 
-3.000000 51.000000 0.607373 -3.000183 5.523799 7.977983 0.764684 
-3.000000 51.000000 0.616863 -3.000206 5.491097 8.071511 0.765515 
-3.000000 76.000000 0.286579 -3.000311 9.480610 6.389796 0.743879 
-3.000000 76.000000 0.292947 -3.000304 9.393603 6.472533 0.745303 
-3.000000 76.000000 0.299316 -3.000298 9.309775 6.558867 0.746678 
-3.000000 76.000000 0.305684 -3.000291 9.228931 6.648798 0.748007 
-3.000000 76.000000 0.312053 -3.000285 9.150899 6.740528 0.749293 
-3.000000 76.000000 0.318421 -3.000279 9.075517 6.834056 0.750537 
-3.000000 76.000000 0.324789 -3.000273 9.002635 6.927585 0.751743 
-3.000000 76.000000 0.331158 -3.000267 8.932117 7.021114 0.752913 
-3.000000 76.000000 0.337526 -3.000262 8.863834 7.118239 0.754047 
-3.000000 76.000000 0.343895 -3.000256 8.797668 7.218962 0.755149 
-3.000000 76.000000 0.350263 -3.000249 8.733509 7.314290 0.756220 
-3.000000 76.000000 0.356632 -3.000243 8.671253 7.411415 0.757261 
-3.000000 76.000000 0.363000 -3.000236 8.610807 7.513937 0.758274 
-3.000000 76.000000 0.369368 -3.000228 8.552080 7.609264 0.759260 
-3.000000 76.000000 0.375737 -3.000220 8.494991 7.709987 0.760221 
-3.000000 76.000000 0.382105 -3.000210 8.439461 7.808912 0.761158 
-3.000000 76.000000 0.388474 -3.000199 8.385419 7.906038 0.762071 
-3.000000 76.000000 0.394842 -3.000222 8.332796 8.003163 0.762963 
-3.000000 76.000000 0.401211 -3.000187 8.281528 8.102088 0.763833 
-3.000000 76.000000 0.407579 -3.000212 8.231555 8.202811 0.764684 
-3.000000 76.000000 0.413947 -3.000206 8.182822 8.298138 0.765515 
-3.000000 101.000000 0.215644 -3.000310 12.599171 6.476130 0.743879 
-3.000000 101.000000 0.220436 -3.000303 12.483547 6.564262 0.745303 
-3.000000 101.000000 0.225228 -3.000296 12.372148 6.650597 0.746678 
-3.000000 101.000000 0.230020 -3.000289 12.264732 6.742326 0.748007 
-3.000000 101.000000 0.234812 -3.000281 12.161053 6.837654 0.749293 
-3.000000 101.000000 0.239604 -3.000274 12.060876 6.931182 0.750537 
-3.000000 101.000000 0.244396 -3.000265 11.964022 7.031905 0.751743 
-3.000000 101.000000 0.249188 -3.000257 11.870309 7.132628 0.752913 
-3.000000 101.000000 0.253980 -3.000247 11.779565 7.229754 0.754047 
-3.000000 101.000000 0.258772 -3.000236 11.691634 7.335873 0.755149 
-3.000000 101.000000 0.263564 -3.000255 11.606371 7.438395 0.756220 
-3.000000 101.000000 0.268356 -3.000250 11.523638 7.539118 0.757261 
-3.000000 101.000000 0.273149 -3.000246 11.443309 7.643438 0.758274 
-3.000000 101.000000 0.277941 -3.000241 11.365265 7.745960 0.759260 
-3.000000 101.000000 0.282733 -3.000236 11.289398 7.850280 0.760221 
-3.000000 101.000000 0.287525 -3.000232 11.215604 7.952802 0.761158 
-3.000000 101.000000 0.292317 -3.000227 11.143785 8.055324 0.762071 
-3.000000 101.000000 0.297109 -3.000222 11.073852 8.154248 0.762963 
-3.000000 101.000000 0.301901 -3.000217 11.005720 8.260367 0.763833 
-3.000000 101.000000 0.306693 -3.000211 10.939310 8.361090 0.764684 
-3.000000 101.000000 0.311485 -3.000205 10.874546 8.461813 0.765515 
-3.000000 126.000000 0.172857 -3.000311 15.717807 6.546276 0.743879 
-3.000000 126.000000 0.176698 -3.000304 15.573577 6.630812 0.745303 
-3.000000 126.000000 0.180540 -3.000298 15.434603 6.722542 0.746678 
-3.000000 126.000000 0.184381 -3.000292 15.300506 6.814272 0.748007 
-3.000000 126.000000 0.188222 -3.000286 15.171145 6.913196 0.749293 
-3.000000 126.000000 0.192063 -3.000280 15.046172 7.010322 0.750537 
-3.000000 126.000000 0.195905 -3.000274 14.925350 7.114642 0.751743 
-3.000000 126.000000 0.199746 -3.000269 14.808449 7.213567 0.752913 
-3.000000 126.000000 0.203587 -3.000264 14.695262 7.321484 0.754047 
-3.000000 126.000000 0.207429 -3.000258 14.585592 7.424006 0.755149 
-3.000000 126.000000 0.211270 -3.000253 14.479226 7.530125 0.756220 
-3.000000 126.000000 0.215111 -3.000248 14.376016 7.636244 0.757261 
-3.000000 126.000000 0.218952 -3.000243 14.275805 7.744161 0.758274 
-3.000000 126.000000 0.222794 -3.000237 14.178446 7.852079 0.759260 
-3.000000 126.000000 0.226635 -3.000232 14.083802 7.954601 0.760221 
-3.000000 126.000000 0.230476 -3.000225 13.991742 8.064317 0.761158 
-3.000000 126.000000 0.234317 -3.000219 13.902148 8.170436 0.762071 
-3.000000 126.000000 0.238159 -3.000211 13.814905 8.274756 0.762963 
-3.000000 126.000000 0.242000 -3.000203 13.729910 8.377278 0.763833 
-3.000000 126.000000 0.245841 -3.000193 13.647061 8.485195 0.764684 
-3.000000 126.000000 0.249683 -3.000182 13.566265 8.585918 0.765515 
-3.000000 151.000000 0.144238 -3.000311 18.836156 6.598436 0.743879 
-3.000000 151.000000 0.147444 -3.000304 18.663325 6.690166 0.745303 
-3.000000 151.000000 0.150649 -3.000298 18.496810 6.780098 0.746678 
-3.000000 151.000000 0.153854 -3.000292 18.336267 6.873626 0.748007 
-3.000000 151.000000 0.157060 -3.000286 18.181330 6.972551 0.749293 
-3.000000 151.000000 0.160265 -3.000280 18.031574 7.078670 0.750537 
-3.000000 151.000000 0.163470 -3.000275 17.886776 7.177594 0.751743 
-3.000000 151.000000 0.166675 -3.000269 17.746606 7.285512 0.752913 
-3.000000 151.000000 0.169881 -3.000264 17.610942 7.389832 0.754047 
-3.000000 151.000000 0.173086 -3.000259 17.479488 7.501347 0.755149 
-3.000000 151.000000 0.176291 -3.000255 17.352021 7.605667 0.756220 
-3.000000 151.000000 0.179497 -3.000250 17.228338 7.717182 0.757261 
-3.000000 151.000000 0.182702 -3.000245 17.108257 7.825099 0.758274 
-3.000000 151.000000 0.185907 -3.000241 16.991607 7.934816 0.759260 
-3.000000 151.000000 0.189113 -3.000236 16.878198 8.042733 0.760221 
-3.000000 151.000000 0.192318 -3.000232 16.767875 8.152449 0.761158 
-3.000000 151.000000 0.195523 -3.000227 16.660504 8.263964 0.762071 
-3.000000 151.000000 0.198728 -3.000222 16.555953 8.371882 0.762963 
-3.000000 151.000000 0.201934 -3.000217 16.454095 8.479799 0.763833 
-3.000000 151.000000 0.205139 -3.000211 16.354809 8.582321 0.764684 
-3.000000 151.000000 0.208344 -3.000204 16.257984 8.692037 0.765515 
-3.000000 176.000000 0.123750 -3.000273 21.954898 6.645201 0.743879 
-3.000000 176.000000 0.126500 -3.000304 21.753215 6.736931 0.745303 
-3.000000 176.000000 0.129250 -3.000298 21.559099 6.826862 0.746678 
-3.000000 176.000000 0.132000 -3.000292 21.371914 6.927585 0.748007 
-3.000000 176.000000 0.134750 -3.000286 21.191243 7.026509 0.749293 
-3.000000 176.000000 0.137500 -3.000280 21.016712 7.132628 0.750537 
-3.000000 176.000000 0.140250 -3.000275 20.848006 7.233351 0.751743 
-3.000000 176.000000 0.143000 -3.000269 20.684795 7.341269 0.752913 
-3.000000 176.000000 0.145750 -3.000264 20.526716 7.452784 0.754047 
-3.000000 176.000000 0.148500 -3.000259 20.373503 7.564299 0.755149 
-3.000000 176.000000 0.151250 -3.000255 20.224855 7.672216 0.756220 
-3.000000 176.000000 0.154000 -3.000250 20.080690 7.783731 0.757261 
-3.000000 176.000000 0.156750 -3.000246 19.940716 7.893447 0.758274 
-3.000000 176.000000 0.159500 -3.000241 19.804725 8.006761 0.759260 
-3.000000 176.000000 0.162250 -3.000237 19.672532 8.116477 0.760221 
-3.000000 176.000000 0.165000 -3.000232 19.543949 8.227992 0.761158 
-3.000000 176.000000 0.167750 -3.000228 19.418811 8.341305 0.762071 
-3.000000 176.000000 0.170500 -3.000223 19.296971 8.452820 0.762963 
-3.000000 176.000000 0.173250 -3.000218 19.178275 8.562536 0.763833 
-3.000000 176.000000 0.176000 -3.000212 19.062552 8.672252 0.764684 
-3.000000 176.000000 0.178750 -3.000206 18.949698 8.780170 0.765515 
-3.000000 201.000000 0.108358 -3.000304 25.073501 6.688368 0.743879 
-3.000000 201.000000 0.110766 -3.000294 24.843389 6.774702 0.745303 
-3.000000 201.000000 0.113174 -3.000283 24.621683 6.871828 0.746678 
-3.000000 201.000000 0.115582 -3.000270 24.407882 6.968953 0.748007 
-3.000000 201.000000 0.117990 -3.000257 24.201512 7.071475 0.749293 
-3.000000 201.000000 0.120398 -3.000241 24.002154 7.175795 0.750537 
-3.000000 201.000000 0.122806 -3.000275 23.809237 7.281914 0.751743 
-3.000000 201.000000 0.125214 -3.000269 23.622770 7.391631 0.752913 
-3.000000 201.000000 0.127622 -3.000264 23.442218 7.503145 0.754047 
-3.000000 201.000000 0.130030 -3.000259 23.267274 7.616459 0.755149 
-3.000000 201.000000 0.132438 -3.000255 23.097677 7.727974 0.756220 
-3.000000 201.000000 0.134846 -3.000250 22.933121 7.844884 0.757261 
-3.000000 201.000000 0.137254 -3.000246 22.773271 7.958198 0.758274 
-3.000000 201.000000 0.139662 -3.000241 22.617887 8.069713 0.759260 
-3.000000 201.000000 0.142070 -3.000237 22.466909 8.183026 0.760221 
-3.000000 201.000000 0.144478 -3.000232 22.320056 8.298138 0.761158 
-3.000000 201.000000 0.146886 -3.000228 22.177136 8.407854 0.762071 
-3.000000 201.000000 0.149294 -3.000223 22.037972 8.519369 0.762963 
-3.000000 201.000000 0.151701 -3.000218 21.902391 8.636280 0.763833 
-3.000000 201.000000 0.154109 -3.000212 21.770239 8.742399 0.764684 
-3.000000 201.000000 0.156517 -3.000206 21.641364 8.857511 0.765515 
-3.000000 226.000000 0.096372 -3.000311 28.191845 6.726139 0.743879 
-3.000000 226.000000 0.098513 -3.000304 27.933118 6.815171 0.745303 
-3.000000 226.000000 0.100655 -3.000295 27.684094 6.909599 0.746678 
-3.000000 226.000000 0.102796 -3.000287 27.443688 7.006725 0.748007 
-3.000000 226.000000 0.104938 -3.000279 27.211651 7.109246 0.749293 
-3.000000 226.000000 0.107080 -3.000271 26.987495 7.217164 0.750537 
-3.000000 226.000000 0.109221 -3.000262 26.770775 7.326880 0.751743 
-3.000000 226.000000 0.111363 -3.000252 26.561079 7.438395 0.752913 
-3.000000 226.000000 0.113504 -3.000241 26.358042 7.549910 0.754047 
-3.000000 226.000000 0.115646 -3.000229 26.161293 7.665022 0.755149 
-3.000000 226.000000 0.117788 -3.000215 25.970519 7.776537 0.756220 
-3.000000 226.000000 0.119929 -3.000250 25.785274 7.895246 0.757261 
-3.000000 226.000000 0.122071 -3.000246 25.605579 8.012157 0.758274 
-3.000000 226.000000 0.124212 -3.000241 25.431031 8.125470 0.759260 
-3.000000 226.000000 0.126354 -3.000237 25.261366 8.238783 0.760221 
-3.000000 226.000000 0.128496 -3.000232 25.096211 8.353896 0.761158 
-3.000000 226.000000 0.130637 -3.000228 24.935477 8.472605 0.762071 
-3.000000 226.000000 0.132779 -3.000223 24.779000 8.585918 0.762963 
-3.000000 226.000000 0.134920 -3.000218 24.626552 8.695634 0.763833 
-3.000000 226.000000 0.137062 -3.000212 24.477954 8.812545 0.764684 
-3.000000 226.000000 0.139204 -3.000206 24.333046 8.924060 0.765515 
-3.000000 251.000000 0.086773 -3.000311 31.310454 6.755816 0.743879 
-3.000000 251.000000 0.088701 -3.000305 31.023089 6.844848 0.745303 
-3.000000 251.000000 0.090629 -3.000298 30.746235 6.944672 0.746678 
-3.000000 251.000000 0.092558 -3.000292 30.479242 7.041798 0.748007 
-3.000000 251.000000 0.094486 -3.000286 30.221548 7.144319 0.749293 
-3.000000 251.000000 0.096414 -3.000278 29.972842 7.254935 0.750537 
-3.000000 251.000000 0.098343 -3.000272 29.732140 7.362852 0.751743 
-3.000000 251.000000 0.100271 -3.000265 29.499251 7.476166 0.752913 
-3.000000 251.000000 0.102199 -3.000258 29.273743 7.589479 0.754047 
-3.000000 251.000000 0.104127 -3.000251 29.055226 7.704591 0.755149 
-3.000000 251.000000 0.106056 -3.000244 28.843345 7.823301 0.756220 
-3.000000 251.000000 0.107984 -3.000236 28.637748 7.938413 0.757261 
-3.000000 251.000000 0.109912 -3.000227 28.438134 8.057122 0.758274 
-3.000000 251.000000 0.111841 -3.000217 28.244203 8.175832 0.759260 
-3.000000 251.000000 0.113769 -3.000205 28.055682 8.290944 0.760221 
-3.000000 251.000000 0.115697 -3.000192 27.872319 8.406056 0.761158 
-3.000000 251.000000 0.117625 -3.000228 27.693818 8.524765 0.762071 
-3.000000 251.000000 0.119554 -3.000223 27.520112 8.639877 0.762963 
-3.000000 251.000000 0.121482 -3.000218 27.350725 8.756788 0.763833 
-3.000000 251.000000 0.123410 -3.000212 27.185685 8.871900 0.764684 
-3.000000 251.000000 0.125339 -3.000207 27.024744 8.981616 0.765515 
-3.000000 276.000000 0.078913 -3.000287 34.429316 6.785493 0.743879 
-3.000000 276.000000 0.080667 -3.000271 34.113338 6.871828 0.745303 
-3.000000 276.000000 0.082420 -3.000298 33.808628 6.968953 0.746678 
-3.000000 276.000000 0.084174 -3.000292 33.515044 7.076871 0.748007 
-3.000000 276.000000 0.085928 -3.000286 33.231670 7.176695 0.749293 
-3.000000 276.000000 0.087681 -3.000280 32.957919 7.284612 0.750537 
-3.000000 276.000000 0.089435 -3.000275 32.693248 7.397926 0.751743 
-3.000000 276.000000 0.091188 -3.000269 32.437175 7.511239 0.752913 
-3.000000 276.000000 0.092942 -3.000264 32.189212 7.627251 0.754047 
-3.000000 276.000000 0.094696 -3.000257 31.949172 7.744161 0.755149 
-3.000000 276.000000 0.096449 -3.000252 31.716178 7.862871 0.756220 
-3.000000 276.000000 0.098203 -3.000246 31.490100 7.981580 0.757261 
-3.000000 276.000000 0.099957 -3.000240 31.270601 8.100289 0.758274 
-3.000000 276.000000 0.101710 -3.000234 31.057344 8.218999 0.759260 
-3.000000 276.000000 0.103464 -3.000227 30.850039 8.337708 0.760221 
-3.000000 276.000000 0.105217 -3.000220 30.648399 8.456417 0.761158 
-3.000000 276.000000 0.106971 -3.000212 30.452160 8.571529 0.762071 
-3.000000 276.000000 0.108725 -3.000203 30.261082 8.690239 0.762963 
-3.000000 276.000000 0.110478 -3.000192 30.074929 8.805351 0.763833 
-3.000000 276.000000 0.112232 -3.000180 29.893501 8.924060 0.764684 
-3.000000 276.000000 0.113986 -3.000167 29.716510 9.039172 0.765515 
-3.000000 301.000000 0.072359 -3.000303 37.547909 6.807077 0.743879 
-3.000000 301.000000 0.073967 -3.000293 37.203320 6.898807 0.745303 
-3.000000 301.000000 0.075575 -3.000282 36.871313 6.995933 0.746678 
-3.000000 301.000000 0.077183 -3.000269 36.551134 7.098454 0.748007 
-3.000000 301.000000 0.078791 -3.000255 36.242089 7.206372 0.749293 
-3.000000 301.000000 0.080399 -3.000280 35.943258 7.319685 0.750537 
-3.000000 301.000000 0.082007 -3.000275 35.654614 7.430301 0.751743 
-3.000000 301.000000 0.083615 -3.000269 35.375330 7.549010 0.752913 
-3.000000 301.000000 0.085223 -3.000264 35.104907 7.665022 0.754047 
-3.000000 301.000000 0.086831 -3.000259 34.842864 7.781033 0.755149 
-3.000000 301.000000 0.088439 -3.000255 34.588776 7.905138 0.756220 
-3.000000 301.000000 0.090047 -3.000250 34.342227 8.019351 0.757261 
-3.000000 301.000000 0.091654 -3.000246 34.102838 8.139859 0.758274 
-3.000000 301.000000 0.093262 -3.000239 33.870502 8.258568 0.759260 
-3.000000 301.000000 0.094870 -3.000234 33.644411 8.380875 0.760221 
-3.000000 301.000000 0.096478 -3.000228 33.424499 8.499584 0.761158 
-3.000000 301.000000 0.098086 -3.000223 33.210481 8.618294 0.762071 
-3.000000 301.000000 0.099694 -3.000216 33.002083 8.737003 0.762963 
-3.000000 301.000000 0.101302 -3.000209 32.799055 8.855712 0.763833 
-3.000000 301.000000 0.102910 -3.000202 32.601161 8.970824 0.764684 
-3.000000 301.000000 0.104518 -3.000193 32.408177 9.085936 0.765515 
-3.000000 326.000000 0.066810 -3.000309 40.666510 6.834056 0.743879 
-3.000000 326.000000 0.068294 -3.000300 40.293302 6.925786 0.745303 
-3.000000 326.000000 0.069779 -3.000292 39.933720 7.022912 0.746678 
-3.000000 326.000000 0.071264 -3.000284 39.586949 7.125434 0.748007 
-3.000000 326.000000 0.072748 -3.000274 39.252236 7.233351 0.749293 
-3.000000 326.000000 0.074233 -3.000264 38.928890 7.346665 0.750537 
-3.000000 326.000000 0.075718 -3.000253 38.616271 7.459978 0.751743 
-3.000000 326.000000 0.077202 -3.000240 38.313788 7.573292 0.752913 
-3.000000 326.000000 0.078687 -3.000264 38.020608 7.694699 0.754047 
-3.000000 326.000000 0.080172 -3.000259 37.736812 7.816106 0.755149 
-3.000000 326.000000 0.081656 -3.000255 37.461612 7.934816 0.756220 
-3.000000 326.000000 0.083141 -3.000250 37.194559 8.053525 0.757261 
-3.000000 326.000000 0.084626 -3.000246 36.935295 8.179429 0.758274 
-3.000000 326.000000 0.086110 -3.000241 36.683411 8.298138 0.759260 
-3.000000 326.000000 0.087595 -3.000237 36.438542 8.418646 0.760221 
-3.000000 326.000000 0.089080 -3.000232 36.200368 8.542751 0.761158 
-3.000000 326.000000 0.090564 -3.000228 35.968574 8.663259 0.762071 
-3.000000 326.000000 0.092049 -3.000221 35.743103 8.780170 0.762963 
-3.000000 326.000000 0.093534 -3.000215 35.523202 8.898879 0.763833 
-3.000000 326.000000 0.095018 -3.000209 35.308863 9.017589 0.764684 
-3.000000 326.000000 0.096503 -3.000202 35.099838 9.132701 0.765515 
-3.000000 351.000000 0.062051 -3.000310 43.785110 6.855640 0.743879 
-3.000000 351.000000 0.063430 -3.000303 43.383282 6.947370 0.745303 
-3.000000 351.000000 0.064809 -3.000296 42.996126 7.044496 0.746678 
-3.000000 351.000000 0.066188 -3.000289 42.622762 7.147017 0.748007 
-3.000000 351.000000 0.067567 -3.000281 42.262382 7.260331 0.749293 
-3.000000 351.000000 0.068946 -3.000274 41.914240 7.368248 0.750537 
-3.000000 351.000000 0.070325 -3.000266 41.577648 7.486958 0.751743 
-3.000000 351.000000 0.071704 -3.000258 41.251968 7.605667 0.752913 
-3.000000 351.000000 0.073083 -3.000249 40.936612 7.724376 0.754047 
-3.000000 351.000000 0.074462 -3.000259 40.630757 7.848482 0.755149 
-3.000000 351.000000 0.075840 -3.000255 40.334454 7.964493 0.756220 
-3.000000 351.000000 0.077219 -3.000250 40.046925 8.091296 0.757261 
-3.000000 351.000000 0.078598 -3.000246 39.767770 8.212703 0.758274 
-3.000000 351.000000 0.079977 -3.000241 39.496567 8.332312 0.759260 
-3.000000 351.000000 0.081356 -3.000237 39.232917 8.454619 0.760221 
-3.000000 351.000000 0.082735 -3.000232 38.976482 8.575127 0.761158 
-3.000000 351.000000 0.084114 -3.000228 38.726908 8.699232 0.762071 
-3.000000 351.000000 0.085493 -3.000223 38.483887 8.817941 0.762963 
-3.000000 351.000000 0.086872 -3.000218 38.247123 8.942046 0.763833 
-3.000000 351.000000 0.088251 -3.000212 38.016346 9.060756 0.764684 
-3.000000 351.000000 0.089630 -3.000205 37.791524 9.175868 0.765515 
-3.000000 376.000000 0.057926 -3.000311 46.903710 6.877223 0.743879 
-3.000000 376.000000 0.059213 -3.000304 46.473262 6.968953 0.745303 
-3.000000 376.000000 0.060500 -3.000297 46.058531 7.066079 0.746678 
-3.000000 376.000000 0.061787 -3.000291 45.658575 7.173997 0.748007 
-3.000000 376.000000 0.063074 -3.000284 45.272527 7.281914 0.749293 
-3.000000 376.000000 0.064362 -3.000278 44.899590 7.395228 0.750537 
-3.000000 376.000000 0.065649 -3.000271 44.539024 7.508541 0.751743 
-3.000000 376.000000 0.066936 -3.000265 44.190149 7.627251 0.752913 
-3.000000 376.000000 0.068223 -3.000258 43.852332 7.751356 0.754047 
-3.000000 376.000000 0.069511 -3.000251 43.524987 7.870065 0.755149 
-3.000000 376.000000 0.070798 -3.000243 43.207571 7.994170 0.756220 
-3.000000 376.000000 0.072085 -3.000250 42.899288 8.120973 0.757261 
-3.000000 376.000000 0.073372 -3.000246 42.600250 8.245079 0.758274 
-3.000000 376.000000 0.074660 -3.000241 42.309729 8.366486 0.759260 
-3.000000 376.000000 0.075947 -3.000237 42.027287 8.488792 0.760221 
-3.000000 376.000000 0.077234 -3.000232 41.752572 8.612898 0.761158 
-3.000000 376.000000 0.078521 -3.000228 41.485230 8.737003 0.762071 
-3.000000 376.000000 0.079809 -3.000223 41.224897 8.855712 0.762963 
-3.000000 376.000000 0.081096 -3.000218 40.971267 8.978019 0.763833 
-3.000000 376.000000 0.082383 -3.000212 40.724051 9.100325 0.764684 
-3.000000 376.000000 0.083670 -3.000207 40.482959 9.215437 0.765515 
-3.000000 401.000000 0.054314 -3.000311 50.022309 6.893411 0.743879 
-3.000000 401.000000 0.055521 -3.000304 49.563242 6.985141 0.745303 
-3.000000 401.000000 0.056728 -3.000298 49.120935 7.087663 0.746678 
-3.000000 401.000000 0.057935 -3.000291 48.694387 7.190184 0.748007 
-3.000000 401.000000 0.059142 -3.000285 48.282672 7.303498 0.749293 
-3.000000 401.000000 0.060349 -3.000279 47.884938 7.416811 0.750537 
-3.000000 401.000000 0.061556 -3.000273 47.500399 7.535521 0.751743 
-3.000000 401.000000 0.062763 -3.000267 47.128328 7.654230 0.752913 
-3.000000 401.000000 0.063970 -3.000262 46.768050 7.772939 0.754047 
-3.000000 401.000000 0.065177 -3.000256 46.418942 7.897044 0.755149 
-3.000000 401.000000 0.066384 -3.000250 46.080422 8.021150 0.756220 
-3.000000 401.000000 0.067591 -3.000243 45.751950 8.145255 0.757261 
-3.000000 401.000000 0.068798 -3.000220 45.433023 8.269360 0.758274 
-3.000000 401.000000 0.070005 -3.000208 45.123182 8.398861 0.759260 
-3.000000 401.000000 0.071212 -3.000237 44.821666 8.525664 0.760221 
-3.000000 401.000000 0.072419 -3.000232 44.528692 8.649770 0.761158 
-3.000000 401.000000 0.073626 -3.000228 44.243567 8.767580 0.762071 
-3.000000 401.000000 0.074833 -3.000223 43.965923 8.893483 0.762963 
-3.000000 401.000000 0.076040 -3.000218 43.695439 9.010394 0.763833 
-3.000000 401.000000 0.077247 -3.000212 43.431774 9.134499 0.764684 
-3.000000 401.000000 0.078454 -3.000207 43.174653 9.253209 0.765515 
-3.000000 426.000000 0.051127 -3.000290 53.140909 6.914995 0.743879 
-3.000000 426.000000 0.052263 -3.000304 52.653221 7.006725 0.745303 
-3.000000 426.000000 0.053399 -3.000298 52.183340 7.103850 0.746678 
-3.000000 426.000000 0.054535 -3.000292 51.730199 7.211768 0.748007 
-3.000000 426.000000 0.055671 -3.000286 51.292816 7.319685 0.749293 
-3.000000 426.000000 0.056808 -3.000280 50.870287 7.438395 0.750537 
-3.000000 426.000000 0.057944 -3.000274 50.461774 7.557104 0.751743 
-3.000000 426.000000 0.059080 -3.000269 50.066507 7.675813 0.752913 
-3.000000 426.000000 0.060216 -3.000263 49.683769 7.799919 0.754047 
-3.000000 426.000000 0.061352 -3.000258 49.312896 7.924024 0.755149 
-3.000000 426.000000 0.062488 -3.000253 48.953271 8.048129 0.756220 
-3.000000 426.000000 0.063624 -3.000247 48.604322 8.172234 0.757261 
-3.000000 426.000000 0.064761 -3.000242 48.265513 8.301735 0.758274 
-3.000000 426.000000 0.065897 -3.000236 47.936345 8.425841 0.759260 
-3.000000 426.000000 0.067033 -3.000217 47.616358 8.549946 0.760221 
-3.000000 426.000000 0.068169 -3.000206 47.305112 8.674051 0.761158 
-3.000000 426.000000 0.069305 -3.000194 47.002202 8.798156 0.762071 
-3.000000 426.000000 0.070441 -3.000223 46.706943 8.925859 0.762963 
-3.000000 426.000000 0.071577 -3.000218 46.419589 9.046367 0.763833 
-3.000000 426.000000 0.072714 -3.000212 46.139490 9.168673 0.764684 
-3.000000 426.000000 0.073850 -3.000207 45.866338 9.287383 0.765515 
-3.000000 451.000000 0.048293 -3.000301 56.259507 6.931182 0.743879 
-3.000000 451.000000 0.049366 -3.000290 55.743199 7.022912 0.745303 
-3.000000 451.000000 0.050439 -3.000277 55.245744 7.125434 0.746678 
-3.000000 451.000000 0.051512 -3.000292 54.766010 7.227956 0.748007 
-3.000000 451.000000 0.052585 -3.000286 54.302960 7.341269 0.749293 
-3.000000 451.000000 0.053659 -3.000280 53.855634 7.454582 0.750537 
-3.000000 451.000000 0.054732 -3.000274 53.423149 7.573292 0.751743 
-3.000000 451.000000 0.055805 -3.000269 53.004685 7.697397 0.752913 
-3.000000 451.000000 0.056878 -3.000264 52.599486 7.821502 0.754047 
-3.000000 451.000000 0.057951 -3.000259 52.206849 7.945607 0.755149 
-3.000000 451.000000 0.059024 -3.000254 51.826120 8.069713 0.756220 
-3.000000 451.000000 0.060098 -3.000249 51.456692 8.199214 0.757261 
-3.000000 451.000000 0.061171 -3.000244 51.098000 8.323319 0.758274 
-3.000000 451.000000 0.062244 -3.000239 50.749517 8.452820 0.759260 
-3.000000 451.000000 0.063317 -3.000233 50.410749 8.576925 0.760221 
-3.000000 451.000000 0.064390 -3.000228 50.081241 8.706426 0.761158 
-3.000000 451.000000 0.065463 -3.000212 49.760555 8.830531 0.762071 
-3.000000 451.000000 0.066537 -3.000202 49.448279 8.954637 0.762963 
-3.000000 451.000000 0.067610 -3.000192 49.144057 9.075145 0.763833 
-3.000000 451.000000 0.068683 -3.000179 48.847517 9.201048 0.764684 
-3.000000 451.000000 0.069756 -3.000206 48.558042 9.325154 0.765515 
-3.000000 476.000000 0.045756 -3.000306 59.378106 6.947370 0.743879 
-3.000000 476.000000 0.046773 -3.000297 58.833178 7.039100 0.745303 
-3.000000 476.000000 0.047790 -3.000287 58.308147 7.141621 0.746678 
-3.000000 476.000000 0.048807 -3.000277 57.801822 7.244143 0.748007 
-3.000000 476.000000 0.049824 -3.000266 57.313103 7.357457 0.749293 
-3.000000 476.000000 0.050840 -3.000280 56.840982 7.476166 0.750537 
-3.000000 476.000000 0.051857 -3.000275 56.384523 7.594875 0.751743 
-3.000000 476.000000 0.052874 -3.000269 55.942863 7.718980 0.752913 
-3.000000 476.000000 0.053891 -3.000264 55.515204 7.843086 0.754047 
-3.000000 476.000000 0.054908 -3.000259 55.100802 7.967191 0.755149 
-3.000000 476.000000 0.055924 -3.000254 54.698969 8.096692 0.756220 
-3.000000 476.000000 0.056941 -3.000250 54.309063 8.220797 0.757261 
-3.000000 476.000000 0.057958 -3.000245 53.930488 8.350298 0.758274 
-3.000000 476.000000 0.058975 -3.000240 53.562688 8.479799 0.759260 
-3.000000 476.000000 0.059992 -3.000235 53.205141 8.614696 0.760221 
-3.000000 476.000000 0.061008 -3.000230 52.857363 8.733406 0.761158 
-3.000000 476.000000 0.062025 -3.000225 52.518906 8.857511 0.762071 
-3.000000 476.000000 0.063042 -3.000213 52.189321 8.981616 0.762963 
-3.000000 476.000000 0.064059 -3.000205 51.868232 9.105721 0.763833 
-3.000000 476.000000 0.065076 -3.000196 51.555255 9.229826 0.764684 
-3.000000 476.000000 0.066092 -3.000185 51.250038 9.352133 0.765515 
-3.000000 501.000000 0.043473 -3.000309 62.496705 6.963557 0.743879 
-3.000000 501.000000 0.044439 -3.000301 61.923157 7.055287 0.745303 
-3.000000 501.000000 0.045405 -3.000293 61.370551 7.157809 0.746678 
-3.000000 501.000000 0.046371 -3.000284 60.837633 7.260331 0.748007 
-3.000000 501.000000 0.047337 -3.000275 60.323246 7.373644 0.749293 
-3.000000 501.000000 0.048303 -3.000266 59.826329 7.492354 0.750537 
-3.000000 501.000000 0.049269 -3.000255 59.345897 7.611063 0.751743 
-3.000000 501.000000 0.050236 -3.000269 58.881041 7.735168 0.752913 
-3.000000 501.000000 0.051202 -3.000264 58.430920 7.859273 0.754047 
-3.000000 501.000000 0.052168 -3.000259 57.994754 7.988774 0.755149 
-3.000000 501.000000 0.053134 -3.000255 57.571816 8.118275 0.756220 
-3.000000 501.000000 0.054100 -3.000250 57.161433 8.242381 0.757261 
-3.000000 501.000000 0.055066 -3.000245 56.762976 8.371882 0.758274 
-3.000000 501.000000 0.056032 -3.000241 56.375858 8.501383 0.759260 
-3.000000 501.000000 0.056998 -3.000236 55.999533 8.630884 0.760221 
-3.000000 501.000000 0.057964 -3.000231 55.633489 8.754989 0.761158 
-3.000000 501.000000 0.058930 -3.000226 55.277248 8.884490 0.762071 
-3.000000 501.000000 0.059896 -3.000221 54.930363 9.008595 0.762963 
-3.000000 501.000000 0.060862 -3.000216 54.592410 9.138097 0.763833 
-3.000000 501.000000 0.061828 -3.000204 54.262994 9.262202 0.764684 
-3.000000 501.000000 0.062794 -3.000196 53.941743 9.380911 0.765515 
-3.000000 526.000000 0.041407 -3.000311 65.614793 6.977047 0.743879 
-3.000000 526.000000 0.042327 -3.000303 65.013135 7.071475 0.745303 
-3.000000 526.000000 0.043247 -3.000295 64.432954 7.168601 0.746678 
-3.000000 526.000000 0.044167 -3.000288 63.873443 7.276518 0.748007 
-3.000000 526.000000 0.045087 -3.000280 63.333389 7.389832 0.749293 
-3.000000 526.000000 0.046008 -3.000272 62.811675 7.508541 0.750537 
-3.000000 526.000000 0.046928 -3.000264 62.307270 7.632646 0.751743 
-3.000000 526.000000 0.047848 -3.000255 61.819218 7.756752 0.752913 
-3.000000 526.000000 0.048768 -3.000246 61.346637 7.880857 0.754047 
-3.000000 526.000000 0.049688 -3.000259 60.888706 8.010358 0.755149 
-3.000000 526.000000 0.050608 -3.000255 60.444664 8.134463 0.756220 
-3.000000 526.000000 0.051529 -3.000250 60.013803 8.263964 0.757261 
-3.000000 526.000000 0.052449 -3.000245 59.595463 8.393465 0.758274 
-3.000000 526.000000 0.053369 -3.000241 59.189029 8.522966 0.759260 
-3.000000 526.000000 0.054289 -3.000236 58.793925 8.652467 0.760221 
-3.000000 526.000000 0.055209 -3.000232 58.409616 8.781969 0.761158 
-3.000000 526.000000 0.056129 -3.000227 58.035598 8.911470 0.762071 
-3.000000 526.000000 0.057049 -3.000222 57.671404 9.035575 0.762963 
-3.000000 526.000000 0.057970 -3.000217 57.316587 9.165076 0.763833 
-3.000000 526.000000 0.058890 -3.000211 56.970734 9.289181 0.764684 
-3.000000 526.000000 0.059810 -3.000205 56.633444 9.413286 0.765515 
-3.000000 551.000000 0.039528 -3.000311 68.733368 6.995933 0.743879 
-3.000000 551.000000 0.040407 -3.000305 68.102597 7.084965 0.745303 
-3.000000 551.000000 0.041285 -3.000298 67.494858 7.190184 0.746678 
-3.000000 551.000000 0.042163 -3.000290 66.909254 7.292706 0.748007 
-3.000000 551.000000 0.043042 -3.000283 66.343532 7.406020 0.749293 
-3.000000 551.000000 0.043920 -3.000276 65.797022 7.524729 0.750537 
-3.000000 551.000000 0.044799 -3.000269 65.268643 7.648834 0.751743 
-3.000000 551.000000 0.045677 -3.000262 64.757395 7.772939 0.752913 
-3.000000 551.000000 0.046555 -3.000254 64.262353 7.897044 0.754047 
-3.000000 551.000000 0.047434 -3.000245 63.782657 8.026546 0.755149 
-3.000000 551.000000 0.048312 -3.000236 63.317511 8.156047 0.756220 
-3.000000 551.000000 0.049191 -3.000250 62.866172 8.285548 0.757261 
-3.000000 551.000000 0.050069 -3.000246 62.427950 8.415049 0.758274 
-3.000000 551.000000 0.050947 -3.000241 62.002198 8.544550 0.759260 
-3.000000 551.000000 0.051826 -3.000237 61.588317 8.674051 0.760221 
-3.000000 551.000000 0.052704 -3.000232 61.185742 8.803552 0.761158 
-3.000000 551.000000 0.053583 -3.000227 60.793948 8.933053 0.762071 
-3.000000 551.000000 0.054461 -3.000222 60.412441 9.062554 0.762963 
-3.000000 551.000000 0.055339 -3.000217 60.040765 9.186659 0.763833 
-3.000000 551.000000 0.056218 -3.000212 59.678474 9.316161 0.764684 
-3.000000 551.000000 0.057096 -3.000206 59.325154 9.440266 0.765515 
-3.000000 576.000000 0.037812 -3.000294 71.852500 7.006725 0.743879 
-3.000000 576.000000 0.038653 -3.000279 71.193092 7.098454 0.745303 
-3.000000 576.000000 0.039493 -3.000298 70.557239 7.198278 0.746678 
-3.000000 576.000000 0.040333 -3.000292 69.944558 7.311592 0.748007 
-3.000000 576.000000 0.041174 -3.000286 69.353184 7.422207 0.749293 
-3.000000 576.000000 0.042014 -3.000278 68.782369 7.540916 0.750537 
-3.000000 576.000000 0.042854 -3.000272 68.230016 7.659626 0.751743 
-3.000000 576.000000 0.043694 -3.000265 67.695572 7.789127 0.752913 
-3.000000 576.000000 0.044535 -3.000259 67.178069 7.913232 0.754047 
-3.000000 576.000000 0.045375 -3.000252 66.676609 8.042733 0.755149 
-3.000000 576.000000 0.046215 -3.000244 66.190358 8.177630 0.756220 
-3.000000 576.000000 0.047056 -3.000236 65.718541 8.307131 0.757261 
-3.000000 576.000000 0.047896 -3.000228 65.260436 8.436632 0.758274 
-3.000000 576.000000 0.048736 -3.000241 64.815367 8.566133 0.759260 
-3.000000 576.000000 0.049576 -3.000237 64.382708 8.695634 0.760221 
-3.000000 576.000000 0.050417 -3.000232 63.961868 8.830531 0.761158 
-3.000000 576.000000 0.051257 -3.000228 63.552298 8.954637 0.762071 
-3.000000 576.000000 0.052097 -3.000223 63.153482 9.084138 0.762963 
-3.000000 576.000000 0.052937 -3.000218 62.764942 9.213639 0.763833 
-3.000000 576.000000 0.053778 -3.000212 62.386213 9.337744 0.764684 
-3.000000 576.000000 0.054618 -3.000206 62.016863 9.461849 0.765515 
-3.000000 601.000000 0.036240 -3.000301 74.971098 7.017516 0.743879 
-3.000000 601.000000 0.037045 -3.000290 74.283070 7.109246 0.745303 
-3.000000 601.000000 0.037850 -3.000278 73.620164 7.211768 0.746678 
-3.000000 601.000000 0.038656 -3.000264 72.980875 7.319685 0.748007 
-3.000000 601.000000 0.039461 -3.000286 72.363306 7.435697 0.749293 
-3.000000 601.000000 0.040266 -3.000280 71.767218 7.554406 0.750537 
-3.000000 601.000000 0.041072 -3.000275 71.191389 7.675813 0.751743 
-3.000000 601.000000 0.041877 -3.000267 70.633749 7.805315 0.752913 
-3.000000 601.000000 0.042682 -3.000261 70.093785 7.929420 0.754047 
-3.000000 601.000000 0.043488 -3.000255 69.570560 8.064317 0.755149 
-3.000000 601.000000 0.044293 -3.000249 69.063205 8.193818 0.756220 
-3.000000 601.000000 0.045098 -3.000242 68.570910 8.323319 0.757261 
-3.000000 601.000000 0.045903 -3.000235 68.092922 8.458216 0.758274 
-3.000000 601.000000 0.046709 -3.000228 67.628537 8.587717 0.759260 
-3.000000 601.000000 0.047514 -3.000219 67.177099 8.717218 0.760221 
-3.000000 601.000000 0.048319 -3.000232 66.737994 8.852115 0.761158 
-3.000000 601.000000 0.049125 -3.000228 66.310648 8.981616 0.762071 
-3.000000 601.000000 0.049930 -3.000223 65.894521 9.105721 0.762963 
-3.000000 601.000000 0.050735 -3.000218 65.489118 9.235222 0.763833 
-3.000000 601.000000 0.051541 -3.000212 65.093952 9.364723 0.764684 
-3.000000 601.000000 0.052346 -3.000206 64.708571 9.488829 0.765515 
-3.000000 626.000000 0.034792 -3.000306 78.089696 7.028308 0.743879 
-3.000000 626.000000 0.035565 -3.000296 77.373048 7.125434 0.745303 
-3.000000 626.000000 0.036339 -3.000286 76.682567 7.222560 0.746678 
-3.000000 626.000000 0.037112 -3.000275 76.016685 7.330477 0.748007 
-3.000000 626.000000 0.037885 -3.000263 75.373960 7.449187 0.749293 
-3.000000 626.000000 0.038658 -3.000280 74.752545 7.565198 0.750537 
-3.000000 626.000000 0.039431 -3.000275 74.152260 7.694699 0.751743 
-3.000000 626.000000 0.040204 -3.000269 73.571437 7.816106 0.752913 
-3.000000 626.000000 0.040978 -3.000263 73.009500 7.945607 0.754047 
-3.000000 626.000000 0.041751 -3.000257 72.464511 8.080504 0.755149 
-3.000000 626.000000 0.042524 -3.000251 71.936052 8.210005 0.756220 
-3.000000 626.000000 0.043297 -3.000246 71.423279 8.344902 0.757261 
-3.000000 626.000000 0.044070 -3.000240 70.925408 8.474403 0.758274 
-3.000000 626.000000 0.044843 -3.000233 70.441706 8.609300 0.759260 
-3.000000 626.000000 0.045617 -3.000226 69.971489 8.738802 0.760221 
-3.000000 626.000000 0.046390 -3.000219 69.514119 8.868303 0.761158 
-3.000000 626.000000 0.047163 -3.000211 69.068996 9.003200 0.762071 
-3.000000 626.000000 0.047936 -3.000223 68.635561 9.132701 0.762963 
-3.000000 626.000000 0.048709 -3.000218 68.213287 9.256806 0.763833 
-3.000000 626.000000 0.049482 -3.000212 67.801691 9.386307 0.764684 
-3.000000 626.000000 0.050256 -3.000206 67.400279 9.510412 0.765515 
-3.000000 651.000000 0.033456 -3.000308 81.208294 7.049892 0.743879 
-3.000000 651.000000 0.034200 -3.000300 80.463026 7.136226 0.745303 
-3.000000 651.000000 0.034943 -3.000291 79.744970 7.244143 0.746678 
-3.000000 651.000000 0.035687 -3.000282 79.052496 7.346665 0.748007 
-3.000000 651.000000 0.036430 -3.000273 78.384103 7.459978 0.749293 
-3.000000 651.000000 0.037174 -3.000262 77.738408 7.578688 0.750537 
-3.000000 651.000000 0.037917 -3.000249 77.114135 7.708189 0.751743 
-3.000000 651.000000 0.038661 -3.000269 76.509595 7.832294 0.752913 
-3.000000 651.000000 0.039404 -3.000264 75.924722 7.964493 0.754047 
-3.000000 651.000000 0.040147 -3.000260 75.357981 8.099390 0.755149 
-3.000000 651.000000 0.040891 -3.000253 74.808898 8.226193 0.756220 
-3.000000 651.000000 0.041634 -3.000248 74.275647 8.361090 0.757261 
-3.000000 651.000000 0.042378 -3.000242 73.757893 8.490591 0.758274 
-3.000000 651.000000 0.043121 -3.000236 73.254874 8.625488 0.759260 
-3.000000 651.000000 0.043865 -3.000231 72.765880 8.760385 0.760221 
-3.000000 651.000000 0.044608 -3.000224 72.290244 8.889886 0.761158 
-3.000000 651.000000 0.045352 -3.000217 71.827345 9.019387 0.762071 
-3.000000 651.000000 0.046095 -3.000210 71.376600 9.148888 0.762963 
-3.000000 651.000000 0.046839 -3.000201 70.937462 9.278389 0.763833 
-3.000000 651.000000 0.047582 -3.000212 70.509418 9.407890 0.764684 
-3.000000 651.000000 0.048326 -3.000206 70.091987 9.537392 0.765515 
-3.000000 676.000000 0.032219 -3.000290 84.326763 7.055287 0.743879 
-3.000000 676.000000 0.032935 -3.000302 83.553004 7.147017 0.745303 
-3.000000 676.000000 0.033651 -3.000294 82.807373 7.254935 0.746678 
-3.000000 676.000000 0.034367 -3.000286 82.088306 7.357457 0.748007 
-3.000000 676.000000 0.035083 -3.000278 81.394245 7.470770 0.749293 
-3.000000 676.000000 0.035799 -3.000269 80.723754 7.594875 0.750537 
-3.000000 676.000000 0.036515 -3.000259 80.075507 7.718980 0.751743 
-3.000000 676.000000 0.037231 -3.000249 79.448278 7.848482 0.752913 
-3.000000 676.000000 0.037947 -3.000264 78.840420 7.975285 0.754047 
-3.000000 676.000000 0.038663 -3.000259 78.251915 8.110182 0.755149 
-3.000000 676.000000 0.039379 -3.000255 77.681259 8.247777 0.756220 
-3.000000 676.000000 0.040095 -3.000250 77.127542 8.374580 0.757261 
-3.000000 676.000000 0.040811 -3.000244 76.590379 8.512175 0.758274 
-3.000000 676.000000 0.041527 -3.000238 76.068043 8.641676 0.759260 
-3.000000 676.000000 0.042243 -3.000233 75.560270 8.776573 0.760221 
-3.000000 676.000000 0.042959 -3.000227 75.066369 8.911470 0.761158 
-3.000000 676.000000 0.043675 -3.000221 74.585694 9.040971 0.762071 
-3.000000 676.000000 0.044391 -3.000215 74.117640 9.170472 0.762963 
-3.000000 676.000000 0.045107 -3.000207 73.661638 9.299973 0.763833 
-3.000000 676.000000 0.045822 -3.000199 73.217155 9.429474 0.764684 
-3.000000 676.000000 0.046538 -3.000190 72.783691 9.558975 0.765515 
-3.000000 701.000000 0.031070 -3.000298 87.445354 7.066079 0.743879 
-3.000000 701.000000 0.031760 -3.000286 86.642852 7.157809 0.745303 
-3.000000 701.000000 0.032451 -3.000296 85.869776 7.265727 0.746678 
-3.000000 701.000000 0.033141 -3.000289 85.124116 7.373644 0.748007 
-3.000000 701.000000 0.033832 -3.000281 84.404388 7.486958 0.749293 
-3.000000 701.000000 0.034522 -3.000274 83.709101 7.605667 0.750537 
-3.000000 701.000000 0.035213 -3.000265 83.036880 7.729772 0.751743 
-3.000000 701.000000 0.035903 -3.000257 82.386455 7.859273 0.752913 
-3.000000 701.000000 0.036593 -3.000247 81.756647 7.994170 0.754047 
-3.000000 701.000000 0.037284 -3.000236 81.146364 8.123671 0.755149 
-3.000000 701.000000 0.037974 -3.000255 80.554088 8.261266 0.756220 
-3.000000 701.000000 0.038665 -3.000250 79.979894 8.390767 0.757261 
-3.000000 701.000000 0.039355 -3.000246 79.422385 8.528362 0.758274 
-3.000000 701.000000 0.040046 -3.000240 78.881212 8.663259 0.759260 
-3.000000 701.000000 0.040736 -3.000235 78.354660 8.792760 0.760221 
-3.000000 701.000000 0.041427 -3.000229 77.842493 8.927657 0.761158 
-3.000000 701.000000 0.042117 -3.000224 77.344042 9.057158 0.762071 
-3.000000 701.000000 0.042807 -3.000218 76.858678 9.192055 0.762963 
-3.000000 701.000000 0.043498 -3.000212 76.385813 9.321556 0.763833 
-3.000000 701.000000 0.044188 -3.000204 75.924893 9.451057 0.764684 
-3.000000 701.000000 0.044879 -3.000196 75.475398 9.580559 0.765515 
-3.000000 726.000000 0.030000 -3.000303 90.563975 7.076871 0.743879 
-3.000000 726.000000 0.030667 -3.000292 89.732822 7.168601 0.745303 
-3.000000 726.000000 0.031333 -3.000281 88.932049 7.271123 0.746678 
-3.000000 726.000000 0.032000 -3.000292 88.159799 7.379040 0.748007 
-3.000000 726.000000 0.032667 -3.000283 87.414530 7.503145 0.749293 
-3.000000 726.000000 0.033333 -3.000276 86.694447 7.616459 0.750537 
-3.000000 726.000000 0.034000 -3.000269 85.998253 7.745960 0.751743 
-3.000000 726.000000 0.034667 -3.000262 85.324631 7.875461 0.752913 
-3.000000 726.000000 0.035333 -3.000254 84.672362 8.004962 0.754047 
-3.000000 726.000000 0.036000 -3.000245 84.040314 8.139859 0.755149 
-3.000000 726.000000 0.036667 -3.000236 83.427437 8.274756 0.756220 
-3.000000 726.000000 0.037333 -3.000225 82.832752 8.409653 0.757261 
-3.000000 726.000000 0.038000 -3.000246 82.254855 8.541852 0.758274 
-3.000000 726.000000 0.038667 -3.000241 81.693896 8.682145 0.759260 
-3.000000 726.000000 0.039333 -3.000237 81.148577 8.811646 0.760221 
-3.000000 726.000000 0.040000 -3.000230 80.618618 8.943845 0.761158 
-3.000000 726.000000 0.040667 -3.000225 80.102391 9.078742 0.762071 
-3.000000 726.000000 0.041333 -3.000220 79.599717 9.208243 0.762963 
-3.000000 726.000000 0.042000 -3.000214 79.109988 9.343140 0.763833 
-3.000000 726.000000 0.042667 -3.000207 78.632630 9.472641 0.764684 
-3.000000 726.000000 0.043333 -3.000200 78.167105 9.596746 0.765515 
-3.000000 751.000000 0.029001 -3.000306 93.682613 7.087663 0.743879 
-3.000000 751.000000 0.029646 -3.000297 92.822817 7.179393 0.745303 
-3.000000 751.000000 0.030290 -3.000287 91.994438 7.281914 0.746678 
-3.000000 751.000000 0.030935 -3.000277 91.195598 7.389832 0.748007 
-3.000000 751.000000 0.031579 -3.000286 90.424523 7.508541 0.749293 
-3.000000 751.000000 0.032224 -3.000278 89.679793 7.627251 0.750537 
-3.000000 751.000000 0.032868 -3.000275 88.959183 7.756752 0.751743 
-3.000000 751.000000 0.033513 -3.000265 88.262807 7.886253 0.752913 
-3.000000 751.000000 0.034157 -3.000258 87.588077 8.015754 0.754047 
-3.000000 751.000000 0.034802 -3.000251 86.934265 8.150651 0.755149 
-3.000000 751.000000 0.035446 -3.000243 86.300283 8.285548 0.756220 
-3.000000 751.000000 0.036091 -3.000234 85.685120 8.420445 0.757261 
-3.000000 751.000000 0.036735 -3.000224 85.087835 8.560738 0.758274 
-3.000000 751.000000 0.037379 -3.000241 84.507049 8.698332 0.759260 
-3.000000 751.000000 0.038024 -3.000237 83.942952 8.827834 0.760221 
-3.000000 751.000000 0.038668 -3.000232 83.394265 8.965428 0.761158 
-3.000000 751.000000 0.039313 -3.000228 82.860271 9.097627 0.762071 
-3.000000 751.000000 0.039957 -3.000221 82.340756 9.229826 0.762963 
-3.000000 751.000000 0.040602 -3.000215 81.834163 9.359328 0.763833 
-3.000000 751.000000 0.041246 -3.000209 81.340367 9.488829 0.764684 
-3.000000 751.000000 0.041891 -3.000202 80.858812 9.618330 0.765515 
-3.000000 776.000000 0.028067 -3.000308 96.801332 7.093059 0.743879 
-3.000000 776.000000 0.028691 -3.000299 95.912845 7.190184 0.745303 
-3.000000 776.000000 0.029314 -3.000291 95.056866 7.287310 0.746678 
-3.000000 776.000000 0.029938 -3.000282 94.231403 7.400624 0.748007 
-3.000000 776.000000 0.030562 -3.000272 93.434675 7.519333 0.749293 
-3.000000 776.000000 0.031186 -3.000262 92.664989 7.638042 0.750537 
-3.000000 776.000000 0.031809 -3.000273 91.920998 7.767543 0.751743 
-3.000000 776.000000 0.032433 -3.000267 91.200984 7.897044 0.752913 
-3.000000 776.000000 0.033057 -3.000260 90.503793 8.031941 0.754047 
-3.000000 776.000000 0.033680 -3.000254 89.828216 8.166838 0.755149 
-3.000000 776.000000 0.034304 -3.000247 89.173129 8.301735 0.756220 
-3.000000 776.000000 0.034928 -3.000240 88.537489 8.436632 0.757261 
-3.000000 776.000000 0.035552 -3.000232 87.920320 8.571529 0.758274 
-3.000000 776.000000 0.036175 -3.000223 87.320716 8.706426 0.759260 
-3.000000 776.000000 0.036799 -3.000213 86.737829 8.846719 0.760221 
-3.000000 776.000000 0.037423 -3.000232 86.170375 8.984314 0.761158 
-3.000000 776.000000 0.038046 -3.000228 85.618605 9.113815 0.762071 
-3.000000 776.000000 0.038670 -3.000223 85.081323 9.246014 0.762963 
-3.000000 776.000000 0.039294 -3.000218 84.558337 9.375515 0.763833 
-3.000000 776.000000 0.039918 -3.000210 84.048104 9.510412 0.764684 
-3.000000 776.000000 0.040541 -3.000204 83.550519 9.639913 0.765515 
-3.000000 801.000000 0.027191 -3.000309 99.919959 7.103850 0.743879 
-3.000000 801.000000 0.027795 -3.000304 99.002335 7.200976 0.745303 
-3.000000 801.000000 0.028400 -3.000298 98.118542 7.300800 0.746678 
-3.000000 801.000000 0.029004 -3.000285 97.267238 7.411415 0.748007 
-3.000000 801.000000 0.029608 -3.000277 96.444836 7.530125 0.749293 
-3.000000 801.000000 0.030212 -3.000268 95.650345 7.648834 0.750537 
-3.000000 801.000000 0.030816 -3.000258 94.882223 7.778335 0.751743 
-3.000000 801.000000 0.031421 -3.000268 94.139160 7.907836 0.752913 
-3.000000 801.000000 0.032025 -3.000262 93.419508 8.042733 0.754047 
-3.000000 801.000000 0.032629 -3.000256 92.722166 8.177630 0.755149 
-3.000000 801.000000 0.033233 -3.000250 92.045975 8.312527 0.756220 
-3.000000 801.000000 0.033838 -3.000244 91.389857 8.452820 0.757261 
-3.000000 801.000000 0.034442 -3.000237 90.752805 8.587717 0.758274 
-3.000000 801.000000 0.035046 -3.000230 90.133884 8.722614 0.759260 
-3.000000 801.000000 0.035650 -3.000222 89.532219 8.857511 0.760221 
-3.000000 801.000000 0.036255 -3.000212 88.946991 8.992408 0.761158 
-3.000000 801.000000 0.036859 -3.000202 88.377434 9.127305 0.762071 
-3.000000 801.000000 0.037463 -3.000223 87.822347 9.262202 0.762963 
-3.000000 801.000000 0.038067 -3.000218 87.282036 9.397099 0.763833 
-3.000000 801.000000 0.038672 -3.000212 86.755374 9.529298 0.764684 
-3.000000 801.000000 0.039276 -3.000205 86.242225 9.656101 0.765515 
-3.000000 826.000000 0.026368 -3.000311 103.037825 7.120038 0.743879 
-3.000000 826.000000 0.026954 -3.000304 102.092294 7.206372 0.745303 
-3.000000 826.000000 0.027540 -3.000298 101.181248 7.311592 0.746678 
-3.000000 826.000000 0.028126 -3.000292 100.302287 7.419509 0.748007 
-3.000000 826.000000 0.028712 -3.000286 99.454137 7.540916 0.749293 
-3.000000 826.000000 0.029298 -3.000280 98.634844 7.665022 0.750537 
-3.000000 826.000000 0.029884 -3.000275 97.842778 7.789127 0.751743 
-3.000000 826.000000 0.030470 -3.000269 97.076425 7.924024 0.752913 
-3.000000 826.000000 0.031056 -3.000264 96.335080 8.053525 0.754047 
-3.000000 826.000000 0.031642 -3.000257 95.616117 8.188422 0.755149 
-3.000000 826.000000 0.032228 -3.000252 94.918821 8.328715 0.756220 
-3.000000 826.000000 0.032814 -3.000246 94.242225 8.463612 0.757261 
-3.000000 826.000000 0.033400 -3.000240 93.585290 8.603905 0.758274 
-3.000000 826.000000 0.033985 -3.000234 92.947052 8.738802 0.759260 
-3.000000 826.000000 0.034571 -3.000227 92.326608 8.873698 0.760221 
-3.000000 826.000000 0.035157 -3.000219 91.723115 9.008595 0.761158 
-3.000000 826.000000 0.035743 -3.000211 91.135782 9.143492 0.762071 
-3.000000 826.000000 0.036329 -3.000201 90.563871 9.278389 0.762963 
-3.000000 826.000000 0.036915 -3.000218 90.006197 9.415984 0.763833 
-3.000000 826.000000 0.037501 -3.000212 89.463098 9.548183 0.764684 
-3.000000 826.000000 0.038087 -3.000206 88.933460 9.672289 0.765515 
-3.000000 851.000000 0.025593 -3.000311 106.156423 7.125434 0.743879 
-3.000000 851.000000 0.026162 -3.000305 105.182222 7.214466 0.745303 
-3.000000 851.000000 0.026731 -3.000298 104.243591 7.322383 0.746678 
-3.000000 851.000000 0.027300 -3.000292 103.338422 7.432999 0.748007 
-3.000000 851.000000 0.027868 -3.000286 102.464408 7.549010 0.749293 
-3.000000 851.000000 0.028437 -3.000280 101.620247 7.670418 0.750537 
-3.000000 851.000000 0.029006 -3.000275 100.804162 7.805315 0.751743 
-3.000000 851.000000 0.029575 -3.000269 100.014562 7.929420 0.752913 
-3.000000 851.000000 0.030143 -3.000264 99.249979 8.064317 0.754047 
-3.000000 851.000000 0.030712 -3.000259 98.509142 8.207307 0.755149 
-3.000000 851.000000 0.031281 -3.000253 97.791667 8.339507 0.756220 
-3.000000 851.000000 0.031850 -3.000247 97.094593 8.479799 0.757261 
-3.000000 851.000000 0.032418 -3.000242 96.417775 8.614696 0.758274 
-3.000000 851.000000 0.032987 -3.000236 95.760220 8.754989 0.759260 
-3.000000 851.000000 0.033556 -3.000230 95.120998 8.889886 0.760221 
-3.000000 851.000000 0.034125 -3.000224 94.499239 9.024783 0.761158 
-3.000000 851.000000 0.034693 -3.000216 93.894130 9.159680 0.762071 
-3.000000 851.000000 0.035262 -3.000208 93.304909 9.294577 0.762963 
-3.000000 851.000000 0.035831 -3.000199 92.730861 9.429474 0.763833 
-3.000000 851.000000 0.036400 -3.000189 92.171314 9.558975 0.764684 
-3.000000 851.000000 0.036968 -3.000206 91.625154 9.691174 0.765515 
-3.000000 876.000000 0.024863 -3.000311 109.274973 7.136226 0.743879 
-3.000000 876.000000 0.025416 -3.000305 108.272157 7.222560 0.745303 
-3.000000 876.000000 0.025968 -3.000298 107.305967 7.325081 0.746678 
-3.000000 876.000000 0.026521 -3.000292 106.374207 7.441093 0.748007 
-3.000000 876.000000 0.027073 -3.000286 105.474828 7.559802 0.749293 
-3.000000 876.000000 0.027626 -3.000280 104.605634 7.683907 0.750537 
-3.000000 876.000000 0.028178 -3.000275 103.765591 7.808012 0.751743 
-3.000000 876.000000 0.028731 -3.000269 102.952757 7.940211 0.752913 
-3.000000 876.000000 0.029283 -3.000264 102.165698 8.075108 0.754047 
-3.000000 876.000000 0.029836 -3.000259 101.403062 8.212703 0.755149 
-3.000000 876.000000 0.030388 -3.000255 100.663593 8.355694 0.756220 
-3.000000 876.000000 0.030941 -3.000248 99.946960 8.490591 0.757261 
-3.000000 876.000000 0.031493 -3.000243 99.250260 8.630884 0.758274 
-3.000000 876.000000 0.032046 -3.000238 98.573388 8.765781 0.759260 
-3.000000 876.000000 0.032598 -3.000232 97.915387 8.906074 0.760221 
-3.000000 876.000000 0.033151 -3.000227 97.275363 9.040971 0.761158 
-3.000000 876.000000 0.033703 -3.000220 96.652478 9.175868 0.762071 
-3.000000 876.000000 0.034256 -3.000213 96.045947 9.310765 0.762963 
-3.000000 876.000000 0.034808 -3.000205 95.455035 9.445662 0.763833 
-3.000000 876.000000 0.035361 -3.000196 94.879051 9.575163 0.764684 
-3.000000 876.000000 0.035913 -3.000186 94.317344 9.710060 0.765515 
-3.000000 901.000000 0.024173 -3.000311 112.393518 7.152413 0.743879 
-3.000000 901.000000 0.024710 -3.000304 111.362084 7.238747 0.745303 
-3.000000 901.000000 0.025248 -3.000298 110.368334 7.338571 0.746678 
-3.000000 901.000000 0.025785 -3.000292 109.409970 7.449187 0.748007 
-3.000000 901.000000 0.026322 -3.000286 108.484937 7.565198 0.749293 
-3.000000 901.000000 0.026859 -3.000280 107.591331 7.692001 0.750537 
-3.000000 901.000000 0.027396 -3.000275 106.727029 7.824200 0.751743 
-3.000000 901.000000 0.027933 -3.000269 105.890963 7.951003 0.752913 
-3.000000 901.000000 0.028471 -3.000264 105.081372 8.091296 0.754047 
-3.000000 901.000000 0.029008 -3.000259 104.296992 8.223495 0.755149 
-3.000000 901.000000 0.029545 -3.000255 103.536389 8.361090 0.756220 
-3.000000 901.000000 0.030082 -3.000250 102.798408 8.506779 0.757261 
-3.000000 901.000000 0.030619 -3.000244 102.082745 8.641676 0.758274 
-3.000000 901.000000 0.031156 -3.000239 101.386556 8.781969 0.759260 
-3.000000 901.000000 0.031694 -3.000234 100.709777 8.916866 0.760221 
-3.000000 901.000000 0.032231 -3.000229 100.051487 9.057158 0.761158 
-3.000000 901.000000 0.032768 -3.000223 99.410825 9.192055 0.762071 
-3.000000 901.000000 0.033305 -3.000216 98.786985 9.326952 0.762963 
-3.000000 901.000000 0.033842 -3.000209 98.179210 9.461849 0.763833 
-3.000000 901.000000 0.034380 -3.000202 97.586787 9.591350 0.764684 
-3.000000 901.000000 0.034917 -3.000193 97.009050 9.726247 0.765515 
-3.000000 926.000000 0.023521 -3.000311 115.512108 7.163205 0.743879 
-3.000000 926.000000 0.024043 -3.000304 114.452075 7.244143 0.745303 
-3.000000 926.000000 0.024566 -3.000298 113.430714 7.352061 0.746678 
-3.000000 926.000000 0.025089 -3.000292 112.445744 7.457280 0.748007 
-3.000000 926.000000 0.025611 -3.000286 111.495037 7.578688 0.749293 
-3.000000 926.000000 0.026134 -3.000280 110.576635 7.702793 0.750537 
-3.000000 926.000000 0.026657 -3.000272 109.689269 7.826898 0.751743 
-3.000000 926.000000 0.027179 -3.000269 108.829220 7.964493 0.752913 
-3.000000 926.000000 0.027702 -3.000264 107.997150 8.096692 0.754047 
-3.000000 926.000000 0.028225 -3.000259 107.190947 8.239683 0.755149 
-3.000000 926.000000 0.028747 -3.000255 106.409228 8.374580 0.756220 
-3.000000 926.000000 0.029270 -3.000250 105.650732 8.512175 0.757261 
-3.000000 926.000000 0.029793 -3.000246 104.914287 8.652467 0.758274 
-3.000000 926.000000 0.030315 -3.000241 104.198840 8.795458 0.759260 
-3.000000 926.000000 0.030838 -3.000235 103.504166 8.933053 0.760221 
-3.000000 926.000000 0.031361 -3.000230 102.827611 9.067950 0.761158 
-3.000000 926.000000 0.031883 -3.000224 102.169173 9.202847 0.762071 
-3.000000 926.000000 0.032406 -3.000219 101.528023 9.343140 0.762963 
-3.000000 926.000000 0.032929 -3.000212 100.903384 9.472641 0.763833 
-3.000000 926.000000 0.033451 -3.000205 100.294524 9.607538 0.764684 
-3.000000 926.000000 0.033974 -3.000197 99.700756 9.742435 0.765515 
-3.000000 951.000000 0.022902 -3.000311 118.630666 7.163205 0.743879 
-3.000000 951.000000 0.023411 -3.000304 117.541995 7.249539 0.745303 
-3.000000 951.000000 0.023920 -3.000298 116.493073 7.352061 0.746678 
-3.000000 951.000000 0.024429 -3.000292 115.481522 7.462676 0.748007 
-3.000000 951.000000 0.024938 -3.000286 114.505128 7.584084 0.749293 
-3.000000 951.000000 0.025447 -3.000280 113.561924 7.713585 0.750537 
-3.000000 951.000000 0.025956 -3.000275 112.650031 7.840388 0.751743 
-3.000000 951.000000 0.026465 -3.000269 111.767672 7.972587 0.752913 
-3.000000 951.000000 0.026974 -3.000264 110.912979 8.110182 0.754047 
-3.000000 951.000000 0.027483 -3.000259 110.084945 8.245079 0.755149 
-3.000000 951.000000 0.027992 -3.000255 109.282098 8.390767 0.756220 
-3.000000 951.000000 0.028501 -3.000250 108.503093 8.528362 0.757261 
-3.000000 951.000000 0.029009 -3.000246 107.746754 8.665957 0.758274 
-3.000000 951.000000 0.029518 -3.000241 107.011954 8.803552 0.759260 
-3.000000 951.000000 0.030027 -3.000237 106.297673 8.949241 0.760221 
-3.000000 951.000000 0.030536 -3.000231 105.603734 9.084138 0.761158 
-3.000000 951.000000 0.031045 -3.000225 104.927520 9.219035 0.762071 
-3.000000 951.000000 0.031554 -3.000220 104.269061 9.353932 0.762963 
-3.000000 951.000000 0.032063 -3.000214 103.627558 9.488829 0.763833 
-3.000000 951.000000 0.032572 -3.000207 103.002260 9.623726 0.764684 
-3.000000 951.000000 0.033081 -3.000200 102.392462 9.758623 0.765515 
-3.000000 976.000000 0.022316 -3.000311 121.749268 7.179393 0.743879 
-3.000000 976.000000 0.022811 -3.000304 120.631955 7.254935 0.745303 
-3.000000 976.000000 0.023307 -3.000298 119.555447 7.368248 0.746678 
-3.000000 976.000000 0.023803 -3.000292 118.517284 7.470770 0.748007 
-3.000000 976.000000 0.024299 -3.000286 117.515252 7.594875 0.749293 
-3.000000 976.000000 0.024795 -3.000280 116.547258 7.718980 0.750537 
-3.000000 976.000000 0.025291 -3.000275 115.611352 7.845784 0.751743 
-3.000000 976.000000 0.025787 -3.000269 114.705808 7.986076 0.752913 
-3.000000 976.000000 0.026283 -3.000264 113.828969 8.120973 0.754047 
-3.000000 976.000000 0.026779 -3.000259 112.978990 8.258568 0.755149 
-3.000000 976.000000 0.027275 -3.000255 112.154996 8.401559 0.756220 
-3.000000 976.000000 0.027770 -3.000250 111.355492 8.541852 0.757261 
-3.000000 976.000000 0.028266 -3.000246 110.579248 8.682145 0.758274 
-3.000000 976.000000 0.028762 -3.000241 109.825085 8.819740 0.759260 
-3.000000 976.000000 0.029258 -3.000237 109.092015 8.960033 0.760221 
-3.000000 976.000000 0.029754 -3.000232 108.378934 9.100325 0.761158 
-3.000000 976.000000 0.030250 -3.000226 107.685868 9.235222 0.762071 
-3.000000 976.000000 0.030746 -3.000221 107.010099 9.370119 0.762963 
-3.000000 976.000000 0.031242 -3.000215 106.351732 9.505016 0.763833 
-3.000000 976.000000 0.031738 -3.000209 105.709996 9.639913 0.764684 
-3.000000 976.000000 0.032234 -3.000202 105.084168 9.769414 0.765515 
-3.000000 1001.000000 0.021758 -3.000311 124.867869 7.173997 0.743879 
-3.000000 1001.000000 0.022242 -3.000304 123.721907 7.271123 0.745303 
-3.000000 1001.000000 0.022725 -3.000298 122.617837 7.373644 0.746678 
-3.000000 1001.000000 0.023209 -3.000292 121.553101 7.486958 0.748007 
-3.000000 1001.000000 0.023692 -3.000286 120.525376 7.597573 0.749293 
-3.000000 1001.000000 0.024176 -3.000280 119.532541 7.724376 0.750537 
-3.000000 1001.000000 0.024659 -3.000275 118.572682 7.856575 0.751743 
-3.000000 1001.000000 0.025143 -3.000269 117.643945 7.988774 0.752913 
-3.000000 1001.000000 0.025626 -3.000264 116.744636 8.129067 0.754047 
-3.000000 1001.000000 0.026110 -3.000259 115.873226 8.266662 0.755149 
-3.000000 1001.000000 0.026593 -3.000255 115.027920 8.409653 0.756220 
-3.000000 1001.000000 0.027077 -3.000250 114.207886 8.552644 0.757261 
-3.000000 1001.000000 0.027560 -3.000246 113.411715 8.687541 0.758274 
-3.000000 1001.000000 0.028044 -3.000241 112.638256 8.827834 0.759260 
-3.000000 1001.000000 0.028527 -3.000237 111.886356 8.968126 0.760221 
-3.000000 1001.000000 0.029011 -3.000232 111.155057 9.105721 0.761158 
-3.000000 1001.000000 0.029495 -3.000228 110.443289 9.246014 0.762071 
-3.000000 1001.000000 0.029978 -3.000222 109.751137 9.380911 0.762963 
-3.000000 1001.000000 0.030462 -3.000216 109.075906 9.515808 0.763833 
-3.000000 1001.000000 0.030945 -3.000210 108.417733 9.650705 0.764684 
-3.000000 1001.000000 0.031429 -3.000203 107.775874 9.785602 0.765515 
-3.000000 1026.000000 0.021228 -3.000311 127.986442 7.179393 0.743879 
-3.000000 1026.000000 0.021700 -3.000304 126.811907 7.271123 0.745303 
-3.000000 1026.000000 0.022172 -3.000298 125.680197 7.379040 0.746678 
-3.000000 1026.000000 0.022643 -3.000292 124.588870 7.497749 0.748007 
-3.000000 1026.000000 0.023115 -3.000286 123.535483 7.605667 0.749293 
-3.000000 1026.000000 0.023587 -3.000280 122.517853 7.735168 0.750537 
-3.000000 1026.000000 0.024058 -3.000275 121.534021 7.867367 0.751743 
-3.000000 1026.000000 0.024530 -3.000269 120.582090 8.004962 0.752913 
-3.000000 1026.000000 0.025002 -3.000264 119.660334 8.137161 0.754047 
-3.000000 1026.000000 0.025474 -3.000260 118.767125 8.277454 0.755149 
-3.000000 1026.000000 0.025945 -3.000255 117.901041 8.417747 0.756220 
-3.000000 1026.000000 0.026417 -3.000250 117.060336 8.560738 0.757261 
-3.000000 1026.000000 0.026889 -3.000246 116.244234 8.698332 0.758274 
-3.000000 1026.000000 0.027361 -3.000241 115.451413 8.844021 0.759260 
-3.000000 1026.000000 0.027832 -3.000237 114.680752 8.981616 0.760221 
-3.000000 1026.000000 0.028304 -3.000232 113.931120 9.121909 0.761158 
-3.000000 1026.000000 0.028776 -3.000228 113.201617 9.259504 0.762071 
-3.000000 1026.000000 0.029248 -3.000223 112.491251 9.394401 0.762963 
-3.000000 1026.000000 0.029719 -3.000217 111.800080 9.531996 0.763833 
-3.000000 1026.000000 0.030191 -3.000211 111.125469 9.666893 0.764684 
-3.000000 1026.000000 0.030663 -3.000204 110.467580 9.801790 0.765515 
-3.000000 1051.000000 0.020723 -3.000311 131.105060 7.190184 0.743879 
-3.000000 1051.000000 0.021184 -3.000305 129.901832 7.281914 0.745303 
-3.000000 1051.000000 0.021644 -3.000298 128.742604 7.395228 0.746678 
-3.000000 1051.000000 0.022105 -3.000292 127.624677 7.503145 0.748007 
-3.000000 1051.000000 0.022565 -3.000286 126.545586 7.621855 0.749293 
-3.000000 1051.000000 0.023026 -3.000280 125.503192 7.740564 0.750537 
-3.000000 1051.000000 0.023486 -3.000275 124.495375 7.872763 0.751743 
-3.000000 1051.000000 0.023947 -3.000269 123.520223 8.010358 0.752913 
-3.000000 1051.000000 0.024407 -3.000264 122.576011 8.150651 0.754047 
-3.000000 1051.000000 0.024868 -3.000260 121.661037 8.288246 0.755149 
-3.000000 1051.000000 0.025328 -3.000255 120.773834 8.428539 0.756220 
-3.000000 1051.000000 0.025789 -3.000250 119.912990 8.568831 0.757261 
-3.000000 1051.000000 0.026249 -3.000246 119.076828 8.711822 0.758274 
-3.000000 1051.000000 0.026710 -3.000241 118.264627 8.852115 0.759260 
-3.000000 1051.000000 0.027170 -3.000237 117.475105 8.992408 0.760221 
-3.000000 1051.000000 0.027631 -3.000232 116.707277 9.132701 0.761158 
-3.000000 1051.000000 0.028091 -3.000228 115.959924 9.270296 0.762071 
-3.000000 1051.000000 0.028552 -3.000223 115.232266 9.407890 0.762963 
-3.000000 1051.000000 0.029012 -3.000218 114.523354 9.548183 0.763833 
-3.000000 1051.000000 0.029473 -3.000212 113.832315 9.680382 0.764684 
-3.000000 1051.000000 0.029933 -3.000205 113.159286 9.812581 0.765515 
-3.000000 1076.000000 0.020242 -3.000154 134.218708 7.195580 0.743879 
-3.000000 1076.000000 0.020691 -3.000304 132.991847 7.298102 0.745303 
-3.000000 1076.000000 0.021141 -3.000298 131.805028 7.400624 0.746678 
-3.000000 1076.000000 0.021591 -3.000292 130.660457 7.513937 0.748007 
-3.000000 1076.000000 0.022041 -3.000286 129.555734 7.621855 0.749293 
-3.000000 1076.000000 0.022491 -3.000280 128.488514 7.751356 0.750537 
-3.000000 1076.000000 0.022941 -3.000262 127.457525 7.880857 0.751743 
-3.000000 1076.000000 0.023390 -3.000269 126.458368 8.015754 0.752913 
-3.000000 1076.000000 0.023840 -3.000264 125.491680 8.158745 0.754047 
-3.000000 1076.000000 0.024290 -3.000259 124.554953 8.299037 0.755149 
-3.000000 1076.000000 0.024740 -3.000255 123.646665 8.439330 0.756220 
-3.000000 1076.000000 0.025190 -3.000250 122.765306 8.579623 0.757261 
-3.000000 1076.000000 0.025639 -3.000246 121.909592 8.722614 0.758274 
-3.000000 1076.000000 0.026089 -3.000241 121.077906 8.865605 0.759260 
-3.000000 1076.000000 0.026539 -3.000237 120.269590 9.008595 0.760221 
-3.000000 1076.000000 0.026989 -3.000232 119.483363 9.146190 0.761158 
-3.000000 1076.000000 0.027439 -3.000228 118.718309 9.283785 0.762071 
-3.000000 1076.000000 0.027888 -3.000223 117.973270 9.426776 0.762963 
-3.000000 1076.000000 0.028338 -3.000218 117.247492 9.558975 0.763833 
-3.000000 1076.000000 0.028788 -3.000212 116.540036 9.696570 0.764684 
-3.000000 1076.000000 0.029238 -3.000206 115.850120 9.826071 0.765515 
-3.000000 1101.000000 0.019782 -3.000155 137.337157 7.200976 0.743879 
-3.000000 1101.000000 0.020222 -3.000151 136.076872 7.292706 0.745303 
-3.000000 1101.000000 0.020661 -3.000298 134.867391 7.395228 0.746678 
-3.000000 1101.000000 0.021101 -3.000292 133.696261 7.513937 0.748007 
-3.000000 1101.000000 0.021540 -3.000286 132.565845 7.638042 0.749293 
-3.000000 1101.000000 0.021980 -3.000280 131.473838 7.756752 0.750537 
-3.000000 1101.000000 0.022420 -3.000265 130.419041 7.891649 0.751743 
-3.000000 1101.000000 0.022859 -3.000269 129.396516 8.029243 0.752913 
-3.000000 1101.000000 0.023299 -3.000264 128.407373 8.164140 0.754047 
-3.000000 1101.000000 0.023738 -3.000259 127.448874 8.307131 0.755149 
-3.000000 1101.000000 0.024178 -3.000255 126.519467 8.452820 0.756220 
-3.000000 1101.000000 0.024618 -3.000250 125.617637 8.587717 0.757261 
-3.000000 1101.000000 0.025057 -3.000246 124.742025 8.730708 0.758274 
-3.000000 1101.000000 0.025497 -3.000241 123.891353 8.873698 0.759260 
-3.000000 1101.000000 0.025936 -3.000237 123.064026 9.019387 0.760221 
-3.000000 1101.000000 0.026376 -3.000232 122.259507 9.156982 0.761158 
-3.000000 1101.000000 0.026816 -3.000228 121.476626 9.297275 0.762071 
-3.000000 1101.000000 0.027255 -3.000223 120.714321 9.432172 0.762963 
-3.000000 1101.000000 0.027695 -3.000218 119.971612 9.569767 0.763833 
-3.000000 1101.000000 0.028134 -3.000212 119.247707 9.704664 0.764684 
-3.000000 1101.000000 0.028574 -3.000206 118.541773 9.842259 0.765515 
-3.000000 1126.000000 0.019343 -3.000155 140.455609 7.211768 0.743879 
-3.000000 1126.000000 0.019773 -3.000151 139.166701 7.298102 0.745303 
-3.000000 1126.000000 0.020202 -3.000148 137.924859 7.406020 0.746678 
-3.000000 1126.000000 0.020632 -3.000292 136.732064 7.524729 0.748007 
-3.000000 1126.000000 0.021062 -3.000286 135.575997 7.638042 0.749293 
-3.000000 1126.000000 0.021492 -3.000280 134.459169 7.767543 0.750537 
-3.000000 1126.000000 0.021922 -3.000268 133.380520 7.897044 0.751743 
-3.000000 1126.000000 0.022352 -3.000269 132.334686 8.037337 0.752913 
-3.000000 1126.000000 0.022782 -3.000264 131.323042 8.172234 0.754047 
-3.000000 1126.000000 0.023211 -3.000259 130.342804 8.312527 0.755149 
-3.000000 1126.000000 0.023641 -3.000255 129.392264 8.460914 0.756220 
-3.000000 1126.000000 0.024071 -3.000250 128.469981 8.601207 0.757261 
-3.000000 1126.000000 0.024501 -3.000246 127.574479 8.746895 0.758274 
-3.000000 1126.000000 0.024931 -3.000241 126.704477 8.887188 0.759260 
-3.000000 1126.000000 0.025361 -3.000237 125.858734 9.027481 0.760221 
-3.000000 1126.000000 0.025790 -3.000232 125.035730 9.173170 0.761158 
-3.000000 1126.000000 0.026220 -3.000228 124.234981 9.305369 0.762071 
-3.000000 1126.000000 0.026650 -3.000223 123.455323 9.445662 0.762963 
-3.000000 1126.000000 0.027080 -3.000218 122.695763 9.588652 0.763833 
-3.000000 1126.000000 0.027510 -3.000212 121.955444 9.718153 0.764684 
-3.000000 1126.000000 0.027940 -3.000206 121.233423 9.855748 0.765515 
-3.000000 1151.000000 0.018923 -3.000155 143.574050 7.217164 0.743879 
-3.000000 1151.000000 0.019343 -3.000152 142.256532 7.308894 0.745303 
-3.000000 1151.000000 0.019764 -3.000148 140.987120 7.411415 0.746678 
-3.000000 1151.000000 0.020184 -3.000144 139.762926 7.524729 0.748007 
-3.000000 1151.000000 0.020605 -3.000283 138.587023 7.643438 0.749293 
-3.000000 1151.000000 0.021025 -3.000277 137.445385 7.772939 0.750537 
-3.000000 1151.000000 0.021446 -3.000270 136.341635 7.907836 0.751743 
-3.000000 1151.000000 0.021866 -3.000262 135.273669 8.042733 0.752913 
-3.000000 1151.000000 0.022287 -3.000255 134.239561 8.183026 0.754047 
-3.000000 1151.000000 0.022707 -3.000247 133.237510 8.323319 0.755149 
-3.000000 1151.000000 0.023128 -3.000238 132.265857 8.469008 0.756220 
-3.000000 1151.000000 0.023548 -3.000250 131.322299 8.609300 0.757261 
-3.000000 1151.000000 0.023969 -3.000246 130.406933 8.754989 0.758274 
-3.000000 1151.000000 0.024389 -3.000241 129.517613 8.895282 0.759260 
-3.000000 1151.000000 0.024810 -3.000237 128.653082 9.040971 0.760221 
-3.000000 1151.000000 0.025230 -3.000232 127.812144 9.183961 0.761158 
-3.000000 1151.000000 0.025651 -3.000228 126.993434 9.321556 0.762071 
-3.000000 1151.000000 0.026071 -3.000223 126.196413 9.461849 0.762963 
-3.000000 1151.000000 0.026492 -3.000218 125.419974 9.599444 0.763833 
-3.000000 1151.000000 0.026912 -3.000212 124.663136 9.737039 0.764684 
-3.000000 1151.000000 0.027333 -3.000206 123.925124 9.866540 0.765515 
-3.000000 1176.000000 0.018520 -3.000155 146.692486 7.222560 0.743879 
-3.000000 1176.000000 0.018932 -3.000152 145.346356 7.314290 0.745303 
-3.000000 1176.000000 0.019344 -3.000148 144.049377 7.416811 0.746678 
-3.000000 1176.000000 0.019755 -3.000145 142.798598 7.530125 0.748007 
-3.000000 1176.000000 0.020167 -3.000141 141.591305 7.648834 0.749293 
-3.000000 1176.000000 0.020578 -3.000138 140.425017 7.778335 0.750537 
-3.000000 1176.000000 0.020990 -3.000135 139.297401 7.913232 0.751743 
-3.000000 1176.000000 0.021401 -3.000264 138.211850 8.048129 0.752913 
-3.000000 1176.000000 0.021813 -3.000257 137.155276 8.188422 0.754047 
-3.000000 1176.000000 0.022224 -3.000250 136.131463 8.334111 0.755149 
-3.000000 1176.000000 0.022636 -3.000242 135.138698 8.474403 0.756220 
-3.000000 1176.000000 0.023048 -3.000233 134.175417 8.620092 0.757261 
-3.000000 1176.000000 0.023459 -3.000246 133.239366 8.763083 0.758274 
-3.000000 1176.000000 0.023871 -3.000241 132.330728 8.903376 0.759260 
-3.000000 1176.000000 0.024282 -3.000237 131.447423 9.049065 0.760221 
-3.000000 1176.000000 0.024694 -3.000232 130.588261 9.194753 0.761158 
-3.000000 1176.000000 0.025105 -3.000228 129.752031 9.335046 0.762071 
-3.000000 1176.000000 0.025517 -3.000223 128.937530 9.469943 0.762963 
-3.000000 1176.000000 0.025929 -3.000218 128.144183 9.610236 0.763833 
-3.000000 1176.000000 0.026340 -3.000212 127.370886 9.742435 0.764684 
-3.000000 1176.000000 0.026752 -3.000206 126.616822 9.885426 0.765515 
-3.000000 1201.000000 0.018135 -3.000155 149.810907 7.227956 0.743879 
-3.000000 1201.000000 0.018538 -3.000152 148.436167 7.319685 0.745303 
-3.000000 1201.000000 0.018941 -3.000149 147.111621 7.422207 0.746678 
-3.000000 1201.000000 0.019344 -3.000145 145.834258 7.535521 0.748007 
-3.000000 1201.000000 0.019747 -3.000142 144.601307 7.659626 0.749293 
-3.000000 1201.000000 0.020150 -3.000139 143.410228 7.789127 0.750537 
-3.000000 1201.000000 0.020553 -3.000135 142.258664 7.918628 0.751743 
-3.000000 1201.000000 0.020956 -3.000266 141.150028 8.058921 0.752913 
-3.000000 1201.000000 0.021359 -3.000259 140.070997 8.199214 0.754047 
-3.000000 1201.000000 0.021762 -3.000252 139.025412 8.339507 0.755149 
-3.000000 1201.000000 0.022165 -3.000245 138.011548 8.485195 0.756220 
-3.000000 1201.000000 0.022568 -3.000237 137.027777 8.630884 0.757261 
-3.000000 1201.000000 0.022971 -3.000229 136.072607 8.771177 0.758274 
-3.000000 1201.000000 0.023374 -3.000241 135.143860 8.914168 0.759260 
-3.000000 1201.000000 0.023777 -3.000237 134.241781 9.059856 0.760221 
-3.000000 1201.000000 0.024180 -3.000232 133.364340 9.205545 0.761158 
-3.000000 1201.000000 0.024583 -3.000228 132.510410 9.340442 0.762071 
-3.000000 1201.000000 0.024986 -3.000223 131.678790 9.483433 0.762963 
-3.000000 1201.000000 0.025389 -3.000218 130.868437 9.621028 0.763833 
-3.000000 1201.000000 0.025792 -3.000212 130.078669 9.755925 0.764684 
-3.000000 1201.000000 0.026195 -3.000206 129.308548 9.890822 0.765515 
-3.000000 1226.000000 0.017765 -3.000155 152.929312 7.238747 0.743879 
-3.000000 1226.000000 0.018160 -3.000152 151.525980 7.325081 0.745303 
-3.000000 1226.000000 0.018555 -3.000149 150.173869 7.427603 0.746678 
-3.000000 1226.000000 0.018949 -3.000145 148.869917 7.540916 0.748007 
-3.000000 1226.000000 0.019344 -3.000142 147.611309 7.665022 0.749293 
-3.000000 1226.000000 0.019739 -3.000139 146.395439 7.794523 0.750537 
-3.000000 1226.000000 0.020134 -3.000136 145.219903 7.929420 0.751743 
-3.000000 1226.000000 0.020529 -3.000133 144.082475 8.064317 0.752913 
-3.000000 1226.000000 0.020923 -3.000261 142.986708 8.204610 0.754047 
-3.000000 1226.000000 0.021318 -3.000254 141.919369 8.350298 0.755149 
-3.000000 1226.000000 0.021713 -3.000248 140.884389 8.490591 0.756220 
-3.000000 1226.000000 0.022108 -3.000241 139.880148 8.636280 0.757261 
-3.000000 1226.000000 0.022502 -3.000233 138.905083 8.781969 0.758274 
-3.000000 1226.000000 0.022897 -3.000225 137.957779 8.927657 0.759260 
-3.000000 1226.000000 0.023292 -3.000237 137.036148 9.073346 0.760221 
-3.000000 1226.000000 0.023687 -3.000232 136.140436 9.210941 0.761158 
-3.000000 1226.000000 0.024082 -3.000228 135.268714 9.353932 0.762071 
-3.000000 1226.000000 0.024476 -3.000223 134.419898 9.494225 0.762963 
-3.000000 1226.000000 0.024871 -3.000218 133.592756 9.631819 0.763833 
-3.000000 1226.000000 0.025266 -3.000211 132.787259 9.769414 0.764684 
-3.000000 1226.000000 0.025661 -3.000206 132.000282 9.907009 0.765515 
-3.000000 1251.000000 0.017410 -3.000155 156.047669 7.244143 0.743879 
-3.000000 1251.000000 0.017797 -3.000152 154.615769 7.330477 0.745303 
-3.000000 1251.000000 0.018184 -3.000149 153.236096 7.432999 0.746678 
-3.000000 1251.000000 0.018571 -3.000146 151.905567 7.546312 0.748007 
-3.000000 1251.000000 0.018958 -3.000142 150.621307 7.670418 0.749293 
-3.000000 1251.000000 0.019345 -3.000139 149.380645 7.799919 0.750537 
-3.000000 1251.000000 0.019731 -3.000136 148.181094 7.934816 0.751743 
-3.000000 1251.000000 0.020118 -3.000133 147.020521 8.075108 0.752913 
-3.000000 1251.000000 0.020505 -3.000130 145.896695 8.215401 0.754047 
-3.000000 1251.000000 0.020892 -3.000256 144.813315 8.355694 0.755149 
-3.000000 1251.000000 0.021279 -3.000249 143.757244 8.501383 0.756220 
-3.000000 1251.000000 0.021666 -3.000243 142.732509 8.647072 0.757261 
-3.000000 1251.000000 0.022053 -3.000236 141.737569 8.792760 0.758274 
-3.000000 1251.000000 0.022440 -3.000229 140.770938 8.933053 0.759260 
-3.000000 1251.000000 0.022827 -3.000220 139.831261 9.078742 0.760221 
-3.000000 1251.000000 0.023213 -3.000232 138.916522 9.221733 0.761158 
-3.000000 1251.000000 0.023600 -3.000228 138.027047 9.362025 0.762071 
-3.000000 1251.000000 0.023987 -3.000223 137.160890 9.502318 0.762963 
-3.000000 1251.000000 0.024374 -3.000218 136.317071 9.642611 0.763833 
-3.000000 1251.000000 0.024761 -3.000212 135.494391 9.782904 0.764684 
-3.000000 1251.000000 0.025148 -3.000205 134.692834 9.915103 0.765515 
